1000
114776 115156
292043 292517
705682 705934
72049 72514
561651 561794
470479 470746
711249 711426
899751 899815
172563 172615
927792 928018
799742 799850
324213 324257
365999 366312
3554 3639
568795 568957
796945 797099
605488 605579
931416 931645
646607 646983
725617 725817
592013 592258
829772 830181
421478 421737
580825 581130
367804 368118
198400 198843
551469 551685
855286 855592
971785 971965
924920 925205
356299 356667
913492 913738
544498 544994
588385 588600
397310 397409
119882 120049
642085 642451
720415 720898
206717 206759
283211 283478
68586 69008
676163 676216
934953 935422
952027 952276
883372 883808
184624 185101
110746 111216
802011 802464
886450 886538
276415 276589
728562 728636
173642 173698
754480 754689
45335 45399
392412 392697
207568 207599
51991 52359
109866 110018
912425 912516
319233 319648
389135 389234
390072 390569
149034 149328
410377 410549
488571 488889
744684 744921
722407 722627
35330 35358
558006 558111
706966 707177
26231 26620
785088 785094
714855 714905
966007 966039
86363 86795
435336 435552
543554 543777
712956 713130
259958 260205
289316 289583
936163 936251
572578 572803
615961 616051
20188 20577
962799 963191
46532 46877
702161 702626
139328 139342
877118 877429
449778 449880
243606 243936
270170 270472
923586 923899
602172 602619
165601 165618
556025 556509
753172 753565
940892 941283
793770 793944
911089 911120
537876 538297
622498 622809
187965 187990
657546 657872
343239 343449
494584 494629
396251 396383
493625 493859
640717 640971
842967 843101
96544 97025
51447 51761
63409 63730
507876 508182
196474 196656
70077 70216
486799 486977
692291 692300
592951 593032
854485 854521
699667 700132
545503 545952
76902 77127
803253 803493
562689 562959
727087 727484
483277 483705
615079 615216
420353 420843
311266 311688
302819 303068
786306 786500
881812 882179
497596 497818
194206 194589
53216 53571
372395 372647
812731 813031
250524 250630
626546 626603
769055 769164
458522 458619
688412 688818
773179 773436
403223 403407
495909 496394
949104 949136
241561 241605
737538 737621
994582 994960
862601 862873
814066 814111
272030 272160
533791 534196
215016 215411
169864 170080
164517 164937
825260 825608
707558 707898
81742 81750
89276 89352
143412 143749
634058 634489
361409 361675
398573 398901
749473 749648
280579 280619
774311 774663
414948 415057
972554 972967
23460 23597
30624 30867
920953 921042
871729 872006
255404 255684
765936 766300
322207 322377
553638 554117
201325 201538
384415 384829
521083 521439
701196 701425
349882 349970
756488 756848
221217 221571
337576 338069
126770 127136
946229 946312
282270 282334
277616 277868
668111 668516
464864 465213
947273 947709
433585 433657
900521 900941
213083 213134
73218 73584
708944 709172
669409 669865
782314 782363
904391 904417
10121 10535
62522 62621
968625 968807
431834 432173
821105 821555
743251 743281
466549 467044
832521 832665
980700 980802
527276 527292
27483 27937
462959 463347
282908 283011
846279 846647
480882 481218
404909 405307
47744 47790
364812 364969
329277 329649
393897 394268
880262 880550
987624 987826
87267 87348
169111 169602
203907 204107
108028 108234
596304 596340
79412 79647
609490 609944
503588 503773
293000 293312
219227 219670
956467 956853
865553 866008
670810 671010
654544 654907
479998 480216
226920 227297
767969 768030
452597 452748
218033 218496
712213 712439
466043 466187
512431 512729
50054 50386
350807 351095
761342 761396
155833 156095
585012 585144
932585 932925
899083 899274
763183 763452
860123 860600
313634 313953
294322 294555
37567 38004
508805 509138
60428 60730
357655 358060
618538 618779
95505 95952
890008 890289
332787 332900
475666 475862
680934 680947
142818 142972
316556 316911
958189 958413
950240 950661
858953 859271
99984 100452
374409 374419
13871 14307
759537 760019
733487 733560
314731 314900
309097 309468
244867 245253
263240 263319
880972 881264
58999 59299
922713 922971
939568 939866
318422 318653
498073 498110
805911 806268
122796 122831
71070 71385
997685 997784
54458 54902
111590 111863
918772 918929
351969 352268
542283 542330
751073 751369
93341 93724
869288 869367
984226 984273
195987 196081
335732 336206
517516 517586
599491 599753
879316 879553
649028 649343
252482 252532
159958 160051
181384 181552
439181 439530
905815 905963
16162 16510
514285 514545
589327 589578
659362 659403
850563 850670
543250 543282
906728 907137
301399 301407
516148 516474
783162 783425
305082 305435
147005 147344
454440 454457
539142 539182
21332 21546
988565 988666
779628 779818
265169 265657
287485 287597
383312 383776
742278 742522
253361 253585
670459 670468
612590 612622
208371 208522
412388 412717
792455 792896
389584 389681
929266 929528
645821 646230
234490 234493
764206 764287
373228 373662
597283 597602
40530 40690
744079 744240
415986 416319
852898 853383
992447 992648
94569 94722
106181 106571
948155 948377
436138 436176
297663 297870
284850 285267
665200 665500
831624 831673
42730 42965
719242 719449
895235 895673
19713 19754
856406 856431
200626 200732
355146 355444
672492 672702
613564 613801
204438 204741
83562 84006
301963 302282
815861 815866
325931 326319
683898 684170
194874 194948
746972 747405
347870 348204
993517 993859
851980 852031
518879 518978
695193 695255
863652 864136
784092 784319
89940 90052
998069 998238
112757 113036
874730 875089
311894 312138
496723 496935
178727 179108
382509 382531
254348 254388
583668 583751
17421 17781
472616 472726
606183 606334
892662 893124
894277 894343
257383 257504
907639 907788
805001 805181
380195 380311
61475 61936
48605 49057
58385 58658
896335 896714
476965 477452
741510 741572
989784 990188
884527 884906
242131 242494
902859 903015
643617 643673
866974 867001
591023 591267
985477 985486
731132 731419
338798 339281
347222 347412
413664 413680
517763 517921
554825 554961
59681 59843
689887 690019
709856 710235
830728 830905
485102 485388
426892 427004
260951 261285
101545 101632
903479 903745
752200 752315
170464 170783
536980 537275
296273 296458
186057 186161
552656 552772
536322 536544
794528 794881
199525 199842
485762 486139
586939 587290
748179 748526
66767 67244
492556 492560
502582 502763
423888 424143
811613 811649
838865 839176
327518 327900
624145 624349
966692 966940
510966 511160
627825 627866
44560 44689
818144 818251
379592 379657
911568 911726
979679 979749
715485 715715
729717 730093
521893 522387
769975 770124
463623 464033
671316 671591
666672 667130
210729 211132
809661 809870
220290 220741
154190 154651
150090 150284
74691 75027
814613 815085
474754 474899
307406 307654
277172 277214
299909 300325
238001 238158
247833 248237
652077 652343
848357 848585
750525 750917
663894 664382
74069 74244
983240 983723
279180 279224
268879 269230
312973 313437
429591 429951
333867 334100
635263 635496
348675 349141
192262 192502
342159 342596
256435 256747
746279 746552
12723 13168
600249 600689
208648 208909
942197 942268
419281 419747
315314 315672
228958 229301
163073 163511
174986 175083
658720 658847
800263 800289
80749 80896
996381 996713
308246 308482
567237 567674
913167 913224
317440 317714
267664 268052
31473 31774
391297 391498
652977 653168
787972 788431
943080 943140
893661 893984
231272 231651
566039 566465
442061 442490
847154 847301
124781 125066
353015 353218
5948 6252
266536 266800
991377 991550
416931 417357
471821 471845
629393 629465
861208 861642
960561 960802
828493 828895
505423 505452
866728 866858
974635 975128
271019 271373
713774 714251
787101 787408
679872 680061
835401 835707
84892 85333
424519 424887
278581 278617
167983 168154
228117 228305
166527 166974
257570 257884
395318 395381
535282 535557
957200 957587
28854 28901
216582 216825
868026 868281
461780 462228
436704 437066
961481 961870
675156 675636
120869 121225
698138 698453
795714 796070
887355 887444
371678 371788
400095 400239
39734 39992
824660 824728
138112 138486
638636 638954
844877 845258
75650 75957
490766 491069
817109 817293
456254 456598
822162 822433
82728 82990
189355 189519
631117 631146
451653 451835
141617 142101
662602 662930
619281 619771
310029 310346
78045 78320
130871 131095
193046 193097
290115 290278
286418 286430
411741 411856
732499 732727
151226 151624
833583 833647
450806 450967
888032 888298
563865 563981
381127 381219
160520 160755
549104 549228
97568 97987
573954 574242
222489 222873
677983 678113
320992 321101
402322 402552
735177 735266
275261 275754
104605 105011
570945 571021
246633 246679
607473 607605
734457 734495
945416 945535
174119 174354
336755 337071
491790 491928
123579 123832
453583 453700
937885 938061
378023 378069
840102 840350
478351 478824
103732 103787
2333 2708
578917 579098
177186 177549
369074 369209
459979 460108
873809 874155
239373 239611
43466 43826
519772 520235
404105 404116
549934 550143
557160 557307
582165 582644
3940 3941
676759 677135
446872 447353
15126 15335
986617 986734
530732 531036
816447 816566
296636 297076
965176 965564
598084 598459
230039 230436
780524 780659
612028 612196
798733 798943
915759 916167
902036 902298
936843 936923
202586 203021
721619 721810
970804 971109
489821 490143
392926 393121
365470 365494
685372 685673
628581 629004
32800 33094
509820 510310
65788 66104
129741 130169
789760 790096
864774 864934
587877 587958
759182 759302
457657 457828
610781 611099
258834 259229
548794 548801
422663 422912
232732 232754
7372 7723
772329 772607
303796 303910
693760 693882
728109 728167
762197 762299
274568 274707
541405 541513
878011 878392
579564 579942
381923 381930
188813 189000
692871 692968
977467 977505
440112 440242
175377 175404
849140 849170
925341 925684
511660 511831
331608 331978
121772 121954
603254 603354
546984 547441
942629 942786
240339 240767
125874 126340
550666 550743
569541 569966
857414 857693
926603 927008
225720 225846
988968 989222
644582 644881
891194 891529
117349 117706
827327 827768
633025 633041
201930 202314
209905 209933
528908 529003
959168 959432
236675 236893
414327 414640
205333 205810
8890 9221
487678 487793
438022 438158
697272 697432
755124 755153
572102 572203
691301 691560
369581 369644
973639 973993
897189 897276
943634 943677
64623 64790
281342 281430
889095 889287
425734 425963
245965 246244
387019 387241
128148 128590
823925 824012
323426 323499
362754 363089
136794 137106
506679 506935
930302 930460
655947 655995
914325 914745
908990 909240
91266 91358
686452 686572
161770 162223
92130 92378
529598 530083
797770 797826
171250 171514
661144 661629
479185 479303
648146 648281
745581 745807
366740 366935
190048 190277
116098 116459
103110 103343
567993 568354
484053 484141
180029 180267
38207 38690
114097 114173
182114 182520
617263 617272
298570 298960
432593 432750
789103 789118
735792 735958
916805 916998
249133 249210
527962 528208
875826 876187
870742 871196
500234 500443
427961 428176
897673 898102
978548 978891
681264 681649
448338 448740
723259 723422
131758 131841
548076 548080
575203 575683
694347 694380
656520 656849
699003 699337
445160 445303
443735 444058
525945 526433
213880 214292
841913 842078
647342 647430
673816 673976
559146 559440
153164 153527
217378 217646
777820 777865
340346 340835
134258 134706
152424 152542
981425 981584
408238 408465
238625 238949
440610 441079
374954 375069
197407 197625
977180 977236
765056 765225
687864 687958
147864 148341
102245 102392
738933 739073
41745 41956
135124 135601
808206 808586
818684 818794
140243 140426
704689 704814
885672 885708
758288 758398
952674 953090
944283 944519
363743 364143
34095 34442
696357 696392
252728 252989
55727 55865
460904 461088
360413 360681
716463 716697
833963 834349
187561 187602
235540 235562
586022 586311
771166 771423
921679 921896
284348 284442
118857 119142
651214 651370
872660 872919
251474 251643
145876 145901
858020 858205
288238 288721
378985 379238
811011 811077
344789 345245
4885 5327
468045 468407
963646 963857
560267 560535
385780 385787
11656 11699
146284 146289
386245 386330
717666 718054
954362 954557
819968 820349
540055 540495
211845 212149
523356 523814
513346 513633
224714 225131
682603 682899
370443 370815
306386 306568
499121 499303
776751 776894
851157 851567
837450 837938
892 1356
334667 335035
469396 469593
273114 273589
376848 376992
407031 407503
409025 409439
264099 264428
531990 532114
29736 29855
330396 330606
159015 159373
191157 191620
482000 482330
703689 703836
18784 18823
21929 22355
411016 411261
375955 376269
938364 938843
430975 431002
667585 667592
984728 985147
608186 608678
295118 295237
533097 533228
595108 595407
442588 443028
841239 841417
501551 501850
515260 515445
24953 25381
67940 68113
736706 736875
387807 388169
106859 107170
953837 953866
659745 660161
156877 157086
740199 740235
428525 428845
418347 418418
933864 934270
955586 955819
10997 11183
524590 524703
800834 801214
36294 36637
56584 56843
233594 234077
455190 455650
919807 919998
279405 279598
738378 738620
353681 354084
917931 918158
359017 359460
849741 849832
344300 344330
639898 639962
807204 807441
24236 24470
775494 775959
434606 434652
678762 679193
967621 968109
724367 724593
261987 262312
504652 504974
636364 636781
144734 144878
650141 650399
621892 621948
98574 99052
157307 157784
982049 982265
623387 623760
620487 620946
564892 565194
576769 577112
187053 187071
836531 836731
473854 473988
625210 625428
223406 223869
604120 604565
826456 826555
324902 325010
590387 590700
637687 637892
132973 133425
905140 905441
345854 346318
635930 635941
577662 577954
601240 601308
183386 183822
175895 176264
446264 446528
108706 108888
781192 781580
631791 632194
495257 495312
757468 757507
822998 823091
593481 593875
6647 6929
975933 976241
291156 291557
909880 910212
969723 969801
215645 216083
766926 767258
843879 843940
328328 328434
790960 791173
778429 778725
57800 57926
87954 88274
401291 401305
285643 285870
405689 406134
995641 996023
155437 155607
614023 614479
803911 804269
630157 630242
951253 951317
520
930350 930368 3
12797 12928 3
922816 922942 3
102313 102374 3
784146 784238 3
630162 630194 3
547153 547281 3
715555 715621 3
890104 890140 3
765127 765199 3
939651 939773 3
542304 542304 3
127411 127473 3
506717 506812 3
59715 59730 3
89298 89298 3
773303 773309 3
200671 200705 3
639913 639930 3
750658 750794 3
635353 635467 3
328348 328378 3
763742 763845 3
926761 926857 3
689897 689909 3
541423 541473 3
27663 27682 3
288283 288474 3
884648 884673 3
409142 409164 3
140274 140280 3
387106 387132 3
816504 816542 3
405010 405133 3
292157 292347 3
963695 963723 3
523524 523570 3
441449 441452 3
36315 36390 3
44618 44632 3
729746 729785 3
792588 792638 3
460924 460935 3
858030 858068 3
215667 215767 3
307465 307565 3
777824 777838 3
131790 131827 3
706996 707079 3
94608 94679 3
692902 692950 3
906821 906997 3
73335 73422 3
100038 100156 3
816507 816509 3
606188 606213 3
80792 80858 3
880354 880408 3
846433 846533 3
117523 117529 3
16192 16232 3
357740 357888 3
699841 699945 3
373342 373528 3
258987 259168 3
631132 631141 3
560373 560500 3
952798 952956 3
41784 41793 3
553753 553983 3
3941 3941 3
335926 335951 3
378043 378060 3
670460 670463 3
340482 340652 3
416960 416985 3
213092 213095 3
187057 187062 3
455263 455266 3
918009 918088 3
91309 91334 3
70134 70173 3
853126 853344 3
646657 646771 3
434620 434637 3
559281 559351 3
225776 225808 3
420586 420627 3
493673 493691 3
263269 263297 3
482015 482165 3
39857 527286 3
858100 858129 3
954391 954454 3
681396 681501 3
542301 542301 3
87299 87315 3
996485 996592 3
338960 339117 3
886473 886504 3
390202 390367 3
633026 633028 3
905887 905939 3
23477 23507 3
283235 283257 3
538055 538152 3
566071 566274 3
789766 789876 3
774455 774548 3
379032 379085 3
733502 733528 3
723300 723321 3
471824 471833 3
478352 478419 3
766934 766989 3
277189 277200 3
11677 11681 3
542292 542315 3
434621 434641 3
471833 471834 3
896408 896591 3
58520 58554 3
194559 254376 3
207572 207572 3
11673 11681 3
818736 818780 3
851981 851982 3
491816 491822 3
151362 151558 3
395826 396329 3
191217 191294 3
537072 537131 3
744126 744170 3
727218 727398 3
100090 100210 3
293043 293088 3
797009 797012 3
292249 292433 3
513489 513504 3
483367 483367 3
66861 66981 3
907680 907746 3
324225 324238 3
259003 259098 3
397358 397379 3
454441 454443 3
97610 97776 3
371699 371752 3
983314 983451 3
825388 825410 3
364850 364913 3
466646 466822 3
117440 117523 3
136939 137049 3
853048 853227 3
574088 574167 3
982078 982169 3
544604 544757 3
824674 824691 3
376918 376957 3
949116 949126 3
373337 373482 3
709014 709093 3
981503 981553 3
948173 948185 3
253461 253500 3
281347 281351 3
450826 853988 3
592969 592983 3
939691 939777 3
2461 2624 3
88098 88116 3
392825 392836 3
201945 201989 3
3564 3570 3
91303 91311 3
514289 514360 3
549151 549172 3
236703 236704 3
737542 737567 3
738405 738432 3
588465 588510 3
376871 376885 3
583671 583702 3
845037 845045 3
157421 157422 3
881106 881131 3
668274 668374 3
285737 285845 3
124849 124856 3
290148 290180 3
514405 514504 3
905887 905933 3
610853 610994 3
496142 496242 3
327589 327623 3
967655 967755 3
272071 272104 3
114127 114134 3
121778 121788 3
837643 837770 3
13908 13925 3
238704 238783 3
923727 923746 3
235546 235552 3
786311 786400 3
153222 153338 3
591056 591140 3
950276 950317 3
538081 538145 3
522084 522232 3
484119 719914 3
446976 447024 3
817197 817223 3
220465 220552 3
82808 82823 3
78157 78282 3
769088 769123 3
920965 920983 3
586942 586974 3
899162 899213 3
693768 693788 3
627845 627860 3
336889 336994 3
537992 537997 3
958221 958222 3
549153 549195 3
317506 317578 3
496804 496877 3
81745 81746 3
786372 786432 3
499239 500438 3
551635 904399 3
94582 94630 3
291297 291361 3
350844 350938 3
590477 590587 3
309158 309326 3
971820 971821 3
539148 539153 3
782329 782330 3
828588 828589 3
104653 104700 3
170545 170694 3
590502 590632 3
676942 676960 3
252493 252495 3
678018 678077 3
411084 411151 3
152425 152460 3
170555 170620 3
29752 29798 3
264211 264272 3
888056 888071 3
44618 44671 3
693821 693855 3
292237 292335 3
350908 350954 3
855382 855386 3
826474 826515 3
675192 675361 3
109925 109934 3
884620 884671 3
480055 480146 3
957350 957462 3
201392 201398 3
676774 676798 3
866754 866796 3
432627 432702 3
110934 111115 3
585064 585120 3
292087 292141 3
618584 618645 3
209911 209913 3
194247 194341 3
391360 391433 3
679910 679969 3
875956 876009 3
583703 583715 3
433608 433629 3
504736 504763 3
737578 737601 3
866757 866814 3
279197 279207 3
82802 82871 3
948244 948271 3
583678 583687 3
551535 551539 3
794554 794690 3
756622 756779 3
379598 379622 3
86491 86696 3
81745 81747 3
303817 303834 3
572639 572724 3
800266 800267 3
994683 994764 3
646784 646869 3
19734 19736 3
615963 616003 3
657648 657763 3
787146 787184 3
305205 305380 3
709018 709083 3
503668 503735 3
436145 436147 3
602235 602340 3
861280 861328 3
790980 791003 3
984876 985045 3
202703 202872 3
17530 17555 3
35340 35340 3
256445 256573 3
729841 729884 3
278590 278595 3
311470 311674 3
579601 579622 3
160048 701591 3
366813 366858 3
490845 490886 3
585046 585067 3
777837 777838 3
247952 248020 3
162740 162898 3
474807 474870 3
816473 816481 3
692295 692299 3
325972 326066 3
666889 667039 3
693766 693782 3
80789 80849 3
849765 849780 3
562803 562874 3
307452 307548 3
101581 101615 3
818702 818705 3
515310 515365 3
787216 787300 3
881901 881913 3
391312 391334 3
680936 680942 3
806048 806074 3
349924 349946 3
374412 374414 3
395334 395343 3
135160 135241 3
46559 46586 3
324953 324973 3
588472 588516 3
233769 233821 3
687898 687937 3
714873 714875 3
587885 587903 3
463801 463888 3
946260 946285 3
670909 670986 3
659383 659390 3
763191 763267 3
814747 814961 3
81746 81749 3
153289 153398 3
800856 800911 3
422702 422709 3
53244 53311 3
103135 103173 3
41829 41932 3
656646 656739 3
871742 871781 3
366832 366865 3
397326 397363 3
454446 454448 3
744109 744177 3
588468 588468 3
557221 557237 3
204576 204648 3
59684 59756 3
883414 883548 3
620694 620847 3
745593 745629 3
998078 998154 3
39819 39940 3
648154 648160 3
262003 262003 3
452614 452672 3
866791 866820 3
983291 983353 3
469442 469529 3
251516 251593 3
436140 436147 3
820011 820161 3
96337 549173 3
758308 758349 3
766053 766171 3
909111 909211 3
445194 445259 3
350898 350959 3
569676 569851 3
714857 714862 3
253375 253425 3
57805 57864 3
689910 689926 3
603293 603311 3
542287 542296 3
721715 721798 3
533114 533130 3
937904 937922 3
870812 870922 3
572674 572748 3
627827 627843 3
366782 366871 3
738997 739002 3
814686 814735 3
138130 138152 3
536326 536384 3
98807 98931 3
681324 681462 3
443881 444001 3
557170 557211 3
330447 330522 3
254366 254375 3
911098 911106 3
814207 814209 3
954407 954425 3
677990 677991 3
556152 556359 3
374993 375015 3
147161 147327 3
808288 808308 3
913555 913579 3
930362 930393 3
984242 984261 3
638245 638355 3
728270 728281 3
624221 624236 3
511736 511806 3
154405 154611 3
215675 215816 3
228984 229042 3
943640 943657 3
638738 638846 3
247834 248008 3
705719 705821 3
198606 198607 3
693804 693845 3
458525 458531 3
92216 92320 3
841247 841313 3
697275 697291 3
46638 46663 3
432603 432668 3
765101 765136 3
424661 424756 3
907640 907658 3
374968 374982 3
269033 269119 3
691339 691420 3
639922 639943 3
412460 412540 3
178861 178963 3
478576 478763 3
938594 938716 3
315380 315454 3
206724 206732 3
271158 271175 3
943109 943129 3
702201 702249 3
390222 390418 3
405017 405094 3
774427 774444 3
970823 970858 3
478549 478578 3
816458 816512 3
327571 327612 3
21421 21487 3
206727 206742 3
176758 583184 3
155950 155971 3
18790 18803 3
55738 55790 3
652142 652239 3
245047 245117 3
705698 705809 3
623561 623675 3
284925 285077 3
344814 344844 3
282921 282970 3
963741 963831 3
592980 593013 3
483407 483443 3
338949 339111 3
208442 208443 3
513462 513555 3
495272 495273 3
949107 949119 3
411534 411538 3
644702 644810 3
545702 545880 3
24323 24390 3
550700 550736 3
912440 912450 3
997715 997735 3
95515 95526 3
568801 568821 3
698254 698331 3
748333 748441 3
794573 794716 3
963671 963751 3
815862 815864 3
918844 918882 3
874782 874809 3
601270 601273 3
207584 207597 3
600319 600389 3
640431 640456 3
74702 74822 3
535356 535411 3
811627 811643 3
548077 548077 3
285018 285218 3
