1000
429249 480708
245083 755525
380840 166122
191492 319891
678012 681041
486181 766490
118104 392194
759109 511852
905134 461811
292314 155762
301462 806590
491731 530523
570263 659254
554197 248498
907790 285357
700620 788225
236233 660840
786059 457995
102756 308102
352131 622640
346706 918536
982037 766579
384920 368108
102306 890550
884002 65576
704305 64970
684590 574039
264768 309838
944191 942793
939971 430688
773270 531969
950171 409205
96277 914593
817512 759190
64809 828477
485245 999124
222518 660126
948366 6960
410380 596161
454926 702869
984998 212042
787984 130380
649737 654557
888841 663676
444863 377871
177808 118203
189107 734216
448725 593247
382127 10081
73517 949347
280412 307220
165567 811105
877589 57542
42043 306611
884130 444254
367302 210696
121932 840442
553275 841301
852676 788829
213545 691964
4495 228469
308993 530453
760832 63188
367539 416550
666468 830119
465606 788806
552860 674488
795853 814178
140862 874603
270639 918591
723896 591657
753983 768172
1495 336127
900493 118603
425502 169517
129366 793309
731660 755019
155700 228656
457928 247718
497408 659190
176546 48454
174721 525327
824657 862980
284931 885503
321172 755887
373172 711910
831307 477697
189101 615965
364492 499153
407547 634249
184122 86959
326525 831051
156956 668275
492710 362639
485374 103105
887807 835489
835209 995276
678362 184172
545271 659847
5819 289469
529709 765957
898770 810613
998203 218113
140255 6793
844192 731637
290985 125708
411553 473149
181954 405053
541355 406681
803874 496501
586397 665265
544170 342289
88738 794378
665830 68836
520187 69899
8859 804609
300840 854379
748446 73483
790648 298502
682026 418354
897745 220905
567237 991690
710958 399014
435951 363588
199260 362145
682437 192088
363685 132735
972687 76175
297311 251934
131720 769444
295638 303650
732024 668428
688599 347237
168549 665835
942910 159312
787089 918026
929930 624579
791920 801620
311510 790523
46157 367076
715152 575409
223513 849137
167574 723503
520431 781906
475805 909141
527978 43000
17715 720221
675925 659379
632519 701273
736374 351465
772361 443474
858585 139608
718980 973607
343390 166477
884389 41414
61531 577275
662307 917424
481454 871172
734349 968192
8695 421944
306284 91013
815584 547325
622367 432157
347284 752139
354396 473324
384041 981205
612448 111920
426289 91735
262254 18227
228272 695714
16236 699749
202812 804859
769345 877378
195067 461114
542038 738820
567700 975443
772479 168348
136196 123378
143739 521338
585280 276471
760740 581542
474037 875218
688390 339381
578048 150185
431386 49005
291112 669830
8688 606373
155156 969824
151889 108679
565374 212255
155482 89993
267560 586095
236077 863956
398966 839566
776369 901957
863521 491386
505231 919021
171502 492238
132763 777122
103855 828896
912123 85574
75813 588761
876173 899345
597832 522496
223368 493431
217119 297099
182407 286623
405721 8297
925138 412298
330264 286275
770527 495785
690543 317481
671522 335750
203638 724933
628584 769950
502963 224095
212574 394640
5351 920717
66598 897809
657788 44614
131706 938281
928247 78255
818795 524354
196636 380178
616857 110076
330220 177903
231363 742670
495053 639372
134105 480690
657713 386216
457705 680314
468390 901820
165507 444568
307313 40071
231685 836818
94933 39463
559829 175357
372052 911217
827886 653675
305324 138861
539984 412037
201842 452843
483944 578788
874387 799245
971178 508116
290653 903535
730972 893206
269565 678101
239578 554551
516842 673117
180050 593112
578637 414598
900129 952907
551660 45739
875160 653320
897396 497280
779262 121631
66718 95641
637699 75024
194095 382498
728870 415500
371056 356145
509393 926163
325614 437615
407443 348649
882367 348022
643234 595222
82615 386360
789283 190011
527984 479702
128011 824374
15781 988265
884550 169247
31273 280068
861362 482162
693378 634861
700906 967536
4386 473601
308627 684114
397577 922586
173134 568235
939120 205255
521687 218502
400576 14724
647220 962652
860513 365934
137612 369224
503698 321517
395921 729527
215017 733563
443968 964485
825763 88366
347946 472966
256624 595616
470090 105723
423995 17701
404773 466126
573453 481669
859002 852627
376034 989238
449521 577833
869643 388014
503614 794700
786492 329151
992238 584888
485319 783094
29307 912863
29625 439323
798872 787457
862735 617077
995232 715578
52915 89391
227081 136774
171925 679524
608887 877250
879661 243875
342709 121664
183575 605729
75269 636550
688842 757754
145738 748378
821749 852922
837095 21246
940903 884233
663690 189944
637387 109541
142231 138197
200253 934953
513268 882422
913193 551914
918193 577802
1255 577628
9781 74630
315811 343525
728333 634030
543764 331279
989626 982967
824400 889403
742233 555177
789785 887199
444985 927171
772097 161920
956879 707601
480017 634729
4422 817939
364192 298953
997228 588281
15328 622858
18581 547873
277159 216404
464360 156486
12373 740812
934420 900181
991994 247453
365110 672691
814798 19867
540917 217253
765024 143054
892565 861972
594197 958543
918950 413547
804472 299931
115306 707610
333049 511053
598157 280042
817531 944928
297327 139396
452031 43650
193290 559488
784231 889520
648969 590402
697521 759956
122481 591740
781567 69974
629540 829165
667206 285462
599896 192856
237177 172839
27193 329522
765791 921834
604734 736681
159019 471289
852567 26296
491427 857782
925185 542809
158214 69520
310226 498852
1592 793777
167732 749212
7391 426348
896826 191743
618099 559871
726840 48844
470724 235519
905286 669748
617923 711032
938026 76411
67829 845498
644178 738528
156081 259782
445423 660198
768708 523398
225650 762011
82036 637800
689751 466381
220460 25961
323063 423808
162230 486762
193770 973814
106391 944588
537722 700137
871313 455977
266409 851699
403842 516890
347936 837361
974872 439022
632888 977054
364418 542002
394975 385605
976854 836446
453804 276939
795630 358313
326826 131185
875128 715808
391470 948057
585109 939855
540496 696149
802124 60453
34386 247039
413060 788267
789284 729551
382495 507367
997773 133427
817726 787637
992484 424978
236014 913709
478734 778570
871256 266311
661381 900939
209822 315488
529144 675022
452355 317883
335743 11566
105232 559126
471289 222426
408139 156483
255004 36259
600045 874928
117363 682674
658390 66158
502807 55496
547803 768993
803570 846315
697645 555114
903063 670105
534595 352584
774216 898446
944886 312616
841318 108482
890842 834180
893343 994090
359941 33051
912039 153537
583183 181191
153586 349288
415640 728100
550490 83648
916256 990223
380931 39956
26423 862575
701719 978903
903982 123305
996267 792051
859536 474842
833220 954391
386176 763687
150134 987975
788904 731872
41475 117064
82152 899238
79842 403738
308736 589966
355891 756901
49677 99151
812142 723244
512890 582777
656277 185659
975996 562987
906360 854831
798775 760795
812349 985456
946517 73019
690220 513693
79957 899000
919604 530430
528289 295987
9285 940952
208771 12272
204133 12808
270898 74229
819617 941952
301860 185935
494694 210109
743546 445198
59392 963213
45014 971603
328057 363879
240883 397379
425443 592591
153475 797952
607854 870168
926556 891552
443234 113398
254848 742314
802487 254285
293731 352570
554008 612178
229597 106660
325405 953468
619669 845709
917927 428247
387212 110717
950999 404325
987876 836090
837582 483827
789776 59143
328116 774217
207042 389581
713282 968608
142238 429927
39936 45292
487726 51805
492646 356331
203293 35839
603853 960150
246673 658104
612367 898198
213748 726184
272886 645250
69181 345474
802184 461210
227168 261214
131692 148194
396397 839268
387967 736966
241830 78869
868896 520786
984853 238347
906018 686173
40398 181
555692 800119
416484 403341
892709 264765
67755 365292
887264 496327
417752 872418
776157 573627
112752 931317
312076 591513
951572 872628
646363 463403
913831 969691
520879 291583
430247 438573
436327 522248
739146 694614
90545 14289
430951 432265
203579 345661
666429 766977
112519 135219
936132 674927
455391 11811
367972 25315
891511 102891
612134 236123
259220 809504
273015 717379
163364 514317
633454 29973
102059 54163
727841 917190
818351 62597
455928 915210
692341 40748
737943 541786
267563 800042
892665 914283
60588 626134
464908 62338
284655 941325
645890 115434
499432 26989
396921 53169
546497 533681
403648 905149
804722 567975
137775 916679
374006 53227
848620 500372
262138 539437
136728 746592
576957 461018
74305 722664
548153 556772
733533 729190
452804 696918
487271 548794
528375 708646
926193 382780
285044 3648
901656 647073
342944 715598
442759 549565
132461 759327
163980 758496
296166 377208
396390 539088
259429 621266
392915 232241
652073 220949
364198 919072
144844 685295
66424 839665
579904 132153
447634 240338
113341 676961
139501 482000
386462 53525
566394 797620
768823 226908
190507 690177
715181 120913
664481 330632
120732 408144
611901 679371
773954 893685
724760 906120
343076 287466
139770 773908
793353 569879
459597 871230
42967 692430
790970 974206
989617 829246
959715 738547
95395 284952
227179 929777
42935 330237
305194 440946
283821 238960
240821 101424
152030 558712
12366 579236
880442 785319
218434 250561
577017 378950
832811 734374
792112 901244
368508 17043
615925 107279
303195 515872
963473 638686
28146 442120
99294 935958
38295 456761
972287 473301
864608 543995
727832 180843
720255 906299
746605 586718
603390 359908
837951 884762
83067 268287
162141 790216
791402 474005
109462 96953
359439 309248
135236 719633
479044 395013
319191 465288
605603 426681
293972 66969
498718 660856
988163 51478
321043 305675
805259 543099
834600 931360
190019 954115
483963 918604
724531 127817
193844 442844
14335 192881
406737 861169
240574 485696
766156 408777
614650 879631
647676 88594
917931 30942
407678 176896
379086 291693
68630 850318
959926 198948
683495 831132
474158 900809
479726 370613
798736 933262
222722 326796
124231 441292
464231 478329
402753 564916
859326 530843
834812 431218
111929 516634
234509 750466
478807 503742
165009 481466
763586 672001
375210 691319
707396 728058
1892 519306
882961 777285
702102 576837
663949 569038
613180 467626
47070 383442
557812 912359
826821 18141
566520 245285
653090 340569
997217 997190
146668 437723
943169 481988
892541 271252
313773 551402
525500 380733
737176 75863
361438 917168
955671 304939
752680 337005
722041 437162
590338 599861
69280 564301
728637 111392
735450 443888
646878 915281
131672 619949
797404 497750
858767 943621
709514 42594
37706 105221
137691 574125
327823 641028
763094 475134
325305 429283
567748 169109
766384 990333
234671 704761
734274 212265
95900 149323
253471 421304
270724 127195
898331 24514
217067 835865
771808 419014
993578 846862
890775 303567
708973 873209
781392 16829
672115 893798
972845 686594
110484 914653
199866 478016
305625 381672
903065 482045
885307 380992
215419 990181
547683 725013
441285 833558
891361 649
855349 723068
822234 606421
193879 165814
519887 782441
724194 764778
713881 784714
104429 479974
140615 729810
452862 780711
647230 524165
718409 533096
152533 565318
158085 33039
873192 320170
647214 428945
61091 267691
78443 522465
565923 92635
643780 319501
819309 563632
768572 13198
945803 473359
610578 529459
644475 670863
600039 239336
426455 568846
426769 809335
617305 87104
175871 693212
434087 197131
864216 51292
189843 602992
164000 967087
834904 715211
991921 65583
479226 445003
413664 524746
821972 881309
724392 771741
899603 106879
461461 206000
972276 20233
561791 361334
585621 886413
526557 315448
117160 847702
479328 657641
776312 247142
377507 522959
137824 316317
161784 874367
412760 476243
204934 691607
330112 538608
122867 936912
774227 556547
24141 497704
164885 640840
961859 582684
970726 316843
238745 317335
992758 676775
6035 525912
385009 396198
431559 384060
968448 563403
970279 28386
621467 803872
730599 632482
961722 396648
854386 12073
406584 417683
110329 913523
603211 874452
955834 870010
217680 75713
207740 719280
386915 699711
667300 404308
95193 775096
820127 544409
845853 759429
947211 37847
708365 184293
698171 799829
639234 502085
915305 180616
121044 61841
383422 926929
100756 706121
669589 10931
347090 232179
379623 220933
276544 877885
714041 826135
725750 183997
347743 924725
41237 188776
195453 909600
460827 234209
703370 368067
167995 869963
586927 849813
447487 252598
722725 209170
918480 101405
679242 412581
805760 441869
359869 352990
130715 951195
990505 423490
74589 663330
851992 322728
987127 190916
590615 895995
376148 214565
591844 482265
875447 876016
594117 308608
368871 71913
291993 213608
226407 411542
737698 358131
215313 686727
59942 936313
118961 214609
893490 917676
608794 487801
21915 695702
504447 232010
925829 328624
626185 894271
262528 908414
43661 299291
490193 640383
470250 813087
967469 696710
923946 589466
237429 248241
747455 566068
668680 638728
401840 970017
418966 192429
463981 963951
767853 367238
154161 394279
169871 387258
415428 371918
373267 519626
104646 81896
586483 372881
713380 791380
491553 74777
207402 660839
891681 4219
921205 99620
86749 195861
498077 659725
543787 292536
939676 357607
203127 561393
40630 179790
584436 712697
83611 394037
63747 926077
511435 145003
233119 752073
647610 148344
238392 924362
481988 739173
827934 947428
56962 941847
494556 139110
378337 117679
389985 274316
867573 986709
144189 604
594103 835828
787717 827330
926560 168357
715883 181675
601376 131797
564457 50084
351804 675785
945535 435390
579273 11759
863474 633145
664766 137930
61314 193122
385208 262057
982604 717065
254818 890381
710351 751506
270849 176947
112432 120460
98320 207824
698768 83419
1126 536148
452288 919078
971721 880068
296199 29417
973059 79865
570116 505057
662342 776141
992733 474433
990377 93494
10287 513831
345046 854738
160171 865916
469288 374302
580481 532552
1621 937797
852718 229353
614223 391331
108159 920664
472553 405665
221592 393569
937085 457052
388160 27102
140479 330719
100
603211 0
527654 550824
-304123 530565
-554823 -77147
691405 806907
714857 704652
-707053 -829410
130977 205882
264430 -395554
910760 972286
0 561791
0 688842
0 240883
728333 0
890842 0
-822447 -921238
0 955671
405616 872850
645890 0
495053 0
0 284931
557812 0
36467 876893
153425 -771773
167682 679157
-900386 58354
803874 0
-788231 -252081
591970 771005
26423 0
981126 789136
0 405721
-143818 911893
-11898 569221
110329 0
0 193879
834812 0
116729 902084
-750704 40167
335743 0
406569 876306
303589 -707299
494556 0
631889 -777851
95843 110440
-714117 526727
984600 -860520
136196 0
412255 372925
-182713 -345891
797404 0
-325156 -722994
-572628 890177
537722 0
-415212 745586
798640 -130793
-314181 -400568
452862 0
0 734274
-27363 825382
-986069 979880
-134424 700053
67143 97466
0 122481
66718 0
323911 606112
277507 -762560
0 639234
859326 0
-669923 777350
0 864216
882027 375687
204037 -715787
475200 -439705
394975 0
422043 766005
-258196 -109074
456564 573062
0 770527
16951 -899425
200448 -997245
0 826821
-366256 979468
950696 -299450
0 804722
-808116 -216992
982037 0
282200 52703
-430719 310498
-669468 428356
796925 -932526
367539 0
-40557 -769942
0 544170
-405264 -176124
333308 431301
0 359439
0 926556
-874709 -687677
0 463981
