15
540423 894802
991488 843708
525484 175474
449186 810527
114307 762183
984240 709269
946069 395457
200121 986014
909404 675402
245042 895975
179155 478967
582146 372166
90687 922746
54160 825798
669728 54018
30
156427 -346104
0 525484
487056 697114
0 669728
-628691 -716633
267222 491099
597921 712996
-566093 638240
0 -946069
-653430 -216917
-807693 877726
147016 -417101
90687 0
582146 0
200121 0
-738783 254368
0 449186
179155 0
705165 -87585
-630871 671788
-660131 -767531
-585047 299372
465057 -781854
855208 -54889
510873 715022
946069 0
0 669728
200121 0
-768113 -358821
0 245042
