850
318210 711907
726316 950993
630427 433348
64174 186635
67405 325002
616133 608254
118784 8518
802962 937547
352853 337576
524099 54128
718742 536072
630153 163876
740638 589634
859843 92772
274395 124398
167077 706780
216148 418088
967284 969932
384925 474397
770691 973670
831091 82891
612925 987705
870196 93665
834065 79023
107041 967857
26435 620776
129778 187532
689453 673425
827320 21772
970207 625236
439595 582415
414989 599077
534130 143219
189927 88150
429170 382691
433128 428694
175829 929654
354426 486774
815780 489479
607717 722577
577149 586054
956688 942615
9357 431585
264989 227592
938133 651777
34338 638214
253860 982923
480089 652642
949635 29159
66145 913282
375784 432321
411753 376679
523900 762802
620971 201963
673964 296651
127124 746532
490374 86263
100685 855676
792717 821795
497126 180591
684860 313255
957728 836862
977555 906433
655586 57767
666182 937837
210796 998512
356018 35551
913989 241675
661672 947061
246965 212236
909171 790618
960335 992070
696416 699015
17573 17022
829379 268272
347952 230394
953326 698376
170304 936974
701296 653370
862014 20703
287034 605616
237578 84225
204091 71130
824043 368669
923746 566019
941765 891969
51722 667614
832068 81165
479381 415783
23524 135809
558677 262841
172398 568950
929422 837574
725858 262374
453454 736018
27767 484612
109518 558948
911000 240187
27054 728315
893310 590714
956271 469432
260190 413449
390867 22579
885924 819777
355718 366499
27925 196036
756243 218099
135350 305367
541582 314615
188919 316261
38861 443608
516316 982462
233403 766118
358096 907229
29959 161876
549822 399064
14736 767652
986848 611192
347729 208315
466154 963058
176691 873177
641873 973602
631031 519343
126930 337682
672199 829346
592693 99779
986104 145984
725688 716871
411680 886760
484891 544211
171279 720230
385465 36028
927482 40762
610582 673896
529900 732689
18650 10119
766185 364441
100230 367615
821843 170136
526457 592597
484627 161427
436247 291340
990298 340768
83974 183720
965816 19280
579263 803274
162640 471111
65550 863530
825288 444131
564473 485596
774304 960815
855468 780854
102098 599773
6487 574653
767823 999557
530943 887422
190280 541337
896324 308566
553543 110429
503015 298664
352097 258781
235669 349055
102042 990650
542069 617177
51872 488720
845199 610767
201956 55835
632682 507024
635187 82761
916534 167225
300732 708990
431914 262238
555963 536419
81562 965654
520776 497258
851622 707237
102167 979343
274086 729758
564798 522137
60270 405581
797385 715149
416649 627286
657671 31522
897180 981354
214500 501167
387912 273186
147360 156110
266306 119577
382894 784576
682660 843689
139831 878353
248858 604126
157162 603287
61526 817348
405488 826117
786384 490608
794414 771091
730800 693602
48288 777890
342914 379056
373213 52275
924359 175498
562799 186843
736262 821018
95415 555614
815102 268212
164970 327686
917651 17076
329213 483201
925039 822696
143116 625604
671160 802089
770181 642542
257374 515274
305836 706907
993930 12438
335644 208612
361282 889257
458037 692514
210671 480040
174889 938522
438030 683586
168401 310308
868925 666532
253698 732733
955110 940354
407893 915266
256818 902879
946447 367844
633628 338485
469486 981864
102797 865972
596743 311643
197538 188964
243431 257882
28837 411352
138337 542524
898484 506088
605754 408946
137989 603703
51525 657437
68796 773726
843409 983434
54286 980590
394268 173027
391379 963411
143248 422488
791377 25816
498357 672878
605044 989728
109413 669819
653699 482745
94795 241448
199313 847172
416464 83283
688881 933375
731016 412644
338089 410597
350601 968407
315596 219204
596508 16104
768433 237441
791946 130677
535774 233143
342837 715836
455224 750836
279423 209977
679506 200360
423994 877953
254620 449632
197541 421241
511918 311936
7993 866204
51500 300244
459255 349128
660213 950751
708167 685566
772110 473111
648761 926350
999420 269770
600059 465542
559884 913847
55300 847104
586558 204818
101657 43391
219349 148319
582503 755010
852047 907794
110908 128078
109203 610842
862983 960344
926306 886969
610904 903435
627014 148343
240790 848424
771452 30517
53374 865790
828292 848756
500591 962287
108451 533298
732500 315103
73364 345355
377665 746844
188413 973932
190035 928346
661412 189944
756265 832208
106957 671128
510339 217668
838088 332665
313954 556282
107094 427604
444019 517130
705467 932067
741953 103299
239805 182837
151473 480453
755008 225776
62445 553053
686407 264693
886446 840726
71079 127361
572224 349789
859034 191325
88049 519252
116132 504316
69949 376837
405189 361682
209669 471232
660125 97997
227168 220686
271957 136538
466366 742922
357731 446484
412305 29424
111003 48331
573782 203746
428037 378704
316872 395896
92989 458609
888499 497458
288004 628231
647945 379074
290179 553840
732488 936710
703346 150490
199891 463495
637488 799052
210643 846696
351083 464575
924553 314876
503499 450718
683466 397227
206996 411065
410157 190405
274003 949359
88275 121471
867443 299519
737223 821435
502396 710966
755807 864106
220748 983575
327914 266636
360107 992987
510831 947112
446889 588486
285359 164391
489266 939612
73494 236150
527103 935210
893308 22252
149156 442722
345959 288061
302104 220810
599446 303430
183518 607217
779433 687058
796211 964506
798440 894401
275311 352926
123190 102012
770531 981585
867075 394024
352440 644660
186558 122845
567772 772208
930196 384387
65827 277927
51458 99687
475180 645620
930714 543404
715236 976523
191663 256153
626797 537971
506293 199992
636475 342830
571907 819759
3744 859777
603093 904804
608475 889450
839485 326119
739290 43727
845173 447941
478932 618006
29814 588818
898138 961120
325710 597644
821086 961473
411145 869620
935316 546618
588557 305870
738023 648908
426757 150711
988156 881676
978436 185678
157241 869189
409137 142200
872928 807160
576582 984013
590934 424538
237972 575083
240122 679587
401240 812250
616000 107100
227127 766355
953699 456577
356379 196353
994175 301193
857157 322787
645395 983839
485193 708346
457360 799875
667152 114364
197612 288588
966498 511567
607099 271830
20777 198535
448731 112625
713850 107165
252493 966557
812360 686584
445849 258311
938898 691710
844070 499419
647391 76393
709176 241901
594944 435012
530700 962229
207710 449808
487014 180174
975414 390281
211941 78927
926622 287263
147578 215444
321289 772134
226425 676313
555707 658003
726031 659798
729644 650812
389731 352754
174092 725051
891823 301841
375833 485168
729804 186853
820224 48016
151670 397493
464866 543555
274517 227533
550890 755484
143865 712135
475460 384003
444144 249443
460606 35021
415881 654840
485124 124232
430306 639070
972905 511092
265907 915912
145831 89218
630242 425433
781725 87887
886256 487400
229566 944952
496060 445540
105744 394277
751084 826137
250027 620908
402323 256999
656500 303672
626143 297302
192597 200985
831417 246312
148448 465099
465785 391025
770419 680511
266254 506705
955963 910062
740982 238035
983663 868940
868940 697597
769029 985096
918055 144551
214098 265320
497615 527132
575943 525410
578618 678536
5081 642616
577737 362049
770909 825603
57559 742838
422172 170707
440647 840461
268299 270679
937999 270183
588134 396210
878560 526619
212554 617038
683916 581478
4467 985586
842531 43614
850498 212629
76717 89214
390799 78223
979831 666003
529259 296701
721710 248210
556231 41871
512795 467144
738306 588920
672211 897964
225502 289720
672835 153523
551346 781134
385164 377213
873406 992303
290158 14479
243123 579309
572893 233918
399325 442499
389919 930084
871934 890001
877318 293687
500179 761135
511474 606343
214970 400948
457856 186064
115135 450814
265398 631681
628127 526009
543227 550523
179318 954828
588716 102992
715960 310103
358951 428928
650840 520237
457778 189932
194892 139569
232839 805277
738789 432402
300561 24716
274403 389942
205568 849612
746574 192746
96402 840917
950677 850549
177137 415765
102051 461882
415609 781364
779903 554762
295049 870863
710642 769776
881537 69742
874228 655463
31781 834545
232572 13167
893776 949574
505042 296224
452515 316336
495811 693409
655759 211487
398549 850933
45563 900307
906559 591251
581097 94600
181905 296502
370171 588600
270864 49650
906885 374804
99757 580431
901736 223761
994866 62667
559194 938604
328921 245925
578705 924679
461925 101854
691912 819766
433430 333950
924915 11125
802485 533696
453300 322228
826158 886011
543861 100847
45700 608458
750034 892850
660010 974318
385712 289075
833023 186979
149517 460993
757051 364738
858759 883692
956404 900778
831241 646771
123252 512588
327536 16326
760497 641887
515277 784167
256733 302934
356283 928951
551153 699185
881907 135265
605149 866478
483326 440124
148027 429034
538679 321638
113708 527466
688359 647596
749922 637245
80559 97725
640690 646344
711196 643610
297087 373102
331075 13470
225164 109933
189015 466054
620741 59252
460089 434290
700648 964024
942431 126937
574370 867131
501575 252423
323308 70304
2440 605361
615238 985384
845648 973912
342877 600085
464860 434469
496347 135302
735077 213456
366782 648529
91279 104272
892545 779309
696964 613675
87200 221035
557463 239274
730343 156919
437542 107804
709910 95977
743185 766565
355323 887233
308405 557650
458576 182909
12214 544837
269108 224319
850259 877621
722732 78362
829940 218341
994984 644936
618043 918969
240983 105411
573294 280755
32055 177468
512875 623662
513403 932769
982631 820557
79844 358865
386927 620143
452171 615386
137360 917036
835630 80094
754058 270351
6245 586258
251318 934479
900604 949456
475210 41509
489102 52579
455212 481543
522869 18540
390465 872357
777172 54977
618051 973660
282790 227593
184466 768733
547152 608607
233312 896093
200053 390949
33153 520915
681480 65921
947671 49214
605496 915040
411065 268366
984158 201211
6699 17736
310675 559079
618565 322357
83218 867399
862301 329096
315193 418987
535032 247544
577746 241358
596484 983895
421959 838080
996008 257034
764159 129485
693443 323313
56260 65646
670799 346462
946184 574352
877727 928804
300715 629362
235535 969472
198745 740466
877315 553399
972255 711410
165758 1201
386257 263425
309141 358700
946047 560069
932753 626484
25946 234064
887677 962310
280462 813909
6692 646901
335606 439222
226306 249252
599233 668182
764599 28910
232245 711783
751007 447281
244087 330964
356770 432677
555060 869867
574414 780123
587120 1702
780292 501975
249790 404462
517533 272003
16783 208116
863538 6360
571607 211482
641390 819703
797930 411279
176770 780040
144636 298940
534652 347882
492728 862662
558352 399541
50814 97663
381574 824984
927517 669808
495843 256052
265055 746243
706431 761683
585621 295693
513009 303009
322147 190697
553198 90373
60115 493303
150444 120879
785354 931655
226715 470341
719222 525717
972689 235132
117749 291083
841189 551612
310533 672688
734474 938615
87636 508599
769961 559701
838012 817156
817763 279519
428446 42518
69787 263169
861969 637846
159092 839373
886007 255957
472299 765537
821885 136154
272772 296270
845921 436455
27230 188537
826737 545660
734630 837384
366441 142614
268800 376135
274349 687921
278804 945015
212306 796111
479977 406915
693455 151382
764199 261365
841436 990873
363630 820877
853373 138120
492542 398049
683771 288260
570737 536003
441451 201119
442187 788328
355423 159336
77542 247755
82331 952859
219181 424635
214486 932751
193226 49943
362947 803678
988393 663623
518929 166071
110525 668748
423796 165946
321426 134280
167051 984465
524756 979249
198512 578533
402086 625619
606415 335092
775931 706221
587442 122988
789642 909516
9436 522937
331223 541107
979232 603753
421953 234207
367264 151362
445957 213260
963448 498415
61449 10359
251302 524320
344442 679831
188652 727551
877935 950823
317738 123746
895538 12432
132303 910310
9796 115574
154187 594479
134129 829493
937448 783478
34504 139083
209119 773555
192165 864846
850
0 901736
389919 0
0 461925
-506915 571312
0 706431
-537738 876433
435113 294617
0 253860
582503 0
226713 127444
0 469486
201956 0
736907 -960516
153764 923959
502396 0
440329 -106612
-194782 958652
-673782 -35488
429170 0
559884 0
62977 115869
461330 614261
0 577149
-798316 373934
760760 -343681
136282 -687686
436075 444825
0 356018
0 405488
863538 0
618043 0
214500 0
391249 -420173
-568056 -319905
-525734 490232
0 610904
104656 140679
-843308 716398
588065 -829586
-818154 -814977
537957 -411666
821843 0
0 832068
599912 146713
497909 973993
174889 0
-950907 -463422
-956900 896137
-626532 -445121
0 738306
0 843409
0 385712
-225501 -987947
683466 0
-592363 -564782
109518 0
-377566 -971399
0 107041
-987289 501588
918055 0
562799 0
0 655586
0 774304
582302 381133
-320579 157150
0 402323
0 115135
567772 0
0 688359
729758 964853
0 838012
0 220748
559194 0
-609515 -638850
656866 710168
-57701 -705623
-818900 648503
262673 86735
-853748 -640494
0 274003
477993 476647
0 174889
743589 -736660
-88492 136116
522407 428498
-813043 -981375
0 529900
0 347729
174280 -506535
950769 936985
-578599 599077
123455 -122087
-109432 440298
-630120 -707047
-724668 -683207
-328909 251285
834329 -730215
146412 -549383
-697561 593447
-434059 210936
0 466366
64291 182802
621226 133756
880921 -199549
890417 -696891
-154238 -86649
-901527 897007
0 769029
-598099 -901265
0 16783
0 606415
197541 0
20777 0
246965 0
629187 -160270
831417 0
180015 -181016
0 977555
11694 810638
-631087 -959757
907165 592602
-621768 -439557
0 673964
-121681 721872
517238 -394430
-209962 -3632
-608675 -540737
514514 -132067
274970 623942
-250297 561951
578351 25940
64375 -406041
776803 -891041
-982573 -300679
368903 270758
26435 0
310022 -669379
966498 0
828742 -560533
25827 176058
-632948 -209649
555963 0
-86764 -839199
0 673964
0 61526
-568060 -383765
916138 -716399
53374 0
711870 539154
0 966498
718742 0
-138782 -506196
637036 -337787
-863796 611939
655759 0
-432406 -34048
553251 458091
215444 865480
472824 -345060
0 248858
0 16783
886256 0
525926 -472189
0 144636
0 27230
471449 573687
-307199 863297
-201320 -845319
942657 680251
-525566 -680061
515148 503171
615238 0
192165 0
-483714 226464
-46103 80995
0 399325
0 197612
404741 185787
756838 -215623
109518 0
-39311 158379
434479 -361062
82331 0
321704 -453731
-195724 -860073
-857560 -661132
233312 0
0 497615
0 845173
605044 0
-271176 -111167
0 188413
-756628 536536
-267843 -121422
-935325 -749707
0 189927
-876782 498869
-897199 -413676
545496 219895
-383664 613452
-433030 -518179
0 845173
0 938133
132461 -866981
0 633628
-133670 -642207
284272 859112
0 918055
965459 -344528
-86451 426051
85599 71227
680186 378976
-547198 -10589
0 596743
-363563 214086
979232 0
486568 488314
-182095 43680
15486 498316
0 28837
0 428446
845173 0
636475 0
901736 0
-736623 530594
-64946 -388713
0 845921
32055 0
-65866 159313
0 608475
319415 -901831
-207613 -543248
192165 0
831417 0
185313 802179
-697673 701982
461619 -528686
275311 0
0 615238
0 51500
709910 0
185798 951677
181745 878367
919404 144148
-575491 810701
435914 -251011
549822 0
845921 0
551153 0
-779804 -718981
840498 892990
509289 100778
0 946184
0 367264
149156 0
39063 476223
756297 694443
192597 0
596508 0
771016 -93950
478925 131589
482393 378777
0 553198
599906 46403
-238590 -820213
604001 827502
0 375784
144568 467475
-172829 -339657
-275822 -136564
752135 803758
0 113708
-824284 225236
-673198 -232157
627014 0
-368581 -67857
0 641873
391379 0
164373 -888569
538588 185651
143116 0
-808195 454586
-662672 557351
-676262 307035
0 377665
818095 615960
0 344442
0 308405
-246778 -341430
428446 0
474117 -620266
0 266254
-993190 -609972
-317220 565175
727679 42236
0 513403
0 100230
256733 0
569079 303688
963643 -842856
304076 -528666
227168 0
274086 0
0 924359
842898 -805873
107094 0
626784 -527903
0 956271
-659209 734320
-420191 -867559
-588184 -384368
792095 -52549
-177750 -976304
996768 -496220
190308 701696
0 653699
-921702 57778
794374 217582
770088 332653
-566423 -899760
584950 853378
-779650 -119836
-300813 128486
368196 396631
-35219 885313
-422540 -318341
-270437 307990
-794000 857733
356177 523318
-268896 181707
240485 -571395
-398509 -711529
0 401240
59302 402453
0 327914
-917549 -199323
0 7993
938914 -181555
-883272 -493274
-337447 838922
416617 -357878
577746 0
0 328921
119555 364385
378608 -730548
560283 567439
758094 881380
926306 0
986102 361050
365791 1711
-861698 -156328
802604 435828
0 815102
0 655759
0 916534
-469831 -591906
-888574 449807
988393 0
-488387 -257217
333165 40044
0 749922
265398 0
218786 995053
706577 -359928
732488 0
554971 -646872
252493 0
0 170304
-47975 641088
-282334 493836
565484 -85769
587120 0
-234933 601708
325191 104112
-994668 565158
0 355323
824877 530537
968351 225719
769961 0
0 930196
0 310533
292548 -142585
232839 0
166212 -1456
240983 0
734474 0
176717 432944
-138590 727025
0 243431
227944 808798
476604 -860052
-515750 174671
65866 651249
0 802485
-900756 -155039
0 437542
660213 0
268299 0
523857 771937
-624370 -141797
877727 0
358951 0
420715 469225
-789355 866777
260992 -141164
0 732500
-390675 854013
-129797 401152
-93917 -968563
-990658 -87193
0 338089
0 535774
74659 320803
401003 -595900
30450 -186499
67445 -835433
984306 196465
107173 413138
-786607 -970998
116592 605685
630427 0
736455 -548178
-467630 361911
497126 0
0 670799
0 82331
77542 0
0 839485
397946 55507
656742 626981
792893 -662992
-807206 -942644
0 386927
-917752 394473
102042 0
461061 92137
0 144636
0 219181
901364 -841489
-743143 -979324
268400 284423
-602898 487465
0 672211
-128286 -223153
990298 0
694453 10252
589093 435241
535774 0
455212 0
342837 0
872928 0
-382398 -125803
-510134 501696
576321 -73448
815785 -171366
241946 -22967
660833 -658792
0 729804
-498512 -301618
214098 0
-3982 -486304
0 110525
-802707 621171
-791397 584878
-345150 -533350
282790 0
627420 167937
971230 582127
-561857 -215034
0 240983
357247 498530
-591125 216693
-151991 -353183
592693 0
-119698 26522
-162713 -434646
0 132303
647530 -82030
0 550890
769961 0
489102 0
0 411680
351083 0
423377 -822375
293753 98874
820224 0
250563 708550
0 506293
0 750034
0 660010
-692391 -585024
23524 0
0 672199
249255 738105
-838132 -354870
211309 -592050
695299 214549
779903 0
-846513 885119
321172 599437
175936 -689397
229566 0
-414590 -809963
759861 557793
0 461925
330587 727967
887687 -553430
-676701 941201
769961 0
842531 0
668195 992738
-182342 -107578
572893 0
730343 0
0 391379
0 542069
0 110525
0 982631
9036 158340
-225803 -48689
640117 -589961
-218921 -464820
-433392 -586433
-979027 -749864
0 88275
-749104 902881
524099 0
-9223 -511907
722827 553932
0 775931
101657 0
-906489 -433018
682660 0
845173 0
-204895 -894423
216580 -51648
596484 0
-876386 -842803
-813193 509879
681480 0
174889 0
-95697 -868402
-745537 806878
0 300715
642787 249047
0 718742
0 318210
606501 820116
569300 13860
-813755 -938144
-89753 960879
729171 -892678
-474755 705524
274403 0
863538 0
0 689453
72258 -639
0 877727
551346 0
908840 714240
328489 -508000
348239 -785856
-352710 495805
-360011 -134727
290158 0
-88529 -478350
330492 -854757
415755 -833186
719103 9549
769490 279817
0 512875
580794 -943440
0 366441
906227 840201
-93715 415154
-938604 178982
462686 -612603
760497 0
2440 0
0 428446
-709228 641762
-968226 674279
0 358951
-537039 626349
167006 -677999
107041 0
-40582 814429
626797 0
310306 99744
0 254620
-564140 -548304
-580280 366760
281943 -268206
740982 0
582503 0
0 960335
772010 605376
-78259 5678
0 770419
-561287 -634376
0 478932
344938 -243149
618103 -329049
-111950 155637
590934 0
558352 0
600657 658191
964828 -937741
674730 757216
139681 402032
676508 620168
0 466154
149924 436765
0 274003
-465805 -985652
-12652 -95853
508102 162441
651658 -749312
0 924915
589949 816693
635187 0
660010 0
-113902 -635644
510277 702661
-145156 447043
373213 0
96402 0
0 862301
-110189 -262401
-723416 344547
32055 0
474318 745421
366782 0
-293389 812788
-508129 174486
688881 0
677491 -870745
-107445 -185459
-464701 -438156
6692 0
598399 748479
313954 0
0 510339
0 605149
459827 -634704
298469 -698304
0 342837
-143735 313526
193763 729171
-887932 -763054
0 926622
-725606 -438552
741311 998320
-423920 496446
0 165758
0 605044
-613174 -93536
596484 0
0 769029
955110 0
-585096 -515603
868940 0
0 573782
-382673 -748753
0 647945
0 785354
232572 0
0 877727
-744039 -24390
0 168401
0 930196
-340358 -46037
0 416464
-559289 928319
-116425 990950
-219629 -350977
606415 0
0 573294
-378834 -265758
894205 920901
-717554 797846
0 738023
606460 123104
0 302104
630427 0
441451 0
-874008 -914219
671160 0
930361 164189
479977 0
0 445957
355718 0
837470 35993
913039 -754283
-79001 -447485
426757 0
868792 103998
-913622 -237974
0 722732
0 559194
-278317 -45315
-690642 801149
4454 -799903
0 711196
287034 0
-859875 461497
-585040 415877
-779666 -396815
-266204 -609849
-252798 550619
558352 0
848762 -315028
-619636 -627129
-473193 937357
0 390799
0 571907
-13745 -449215
356770 0
71079 0
242356 864523
389624 289972
585468 -432738
0 197612
-958268 -94068
487684 -765393
109518 0
0 579263
-868723 -145913
-264552 -864372
102797 0
437542 0
0 932753
51525 0
47211 -673743
630542 595954
-328338 -172176
627100 790603
884652 474591
821843 0
523775 -591059
579263 0
141021 900652
0 272772
878896 -201932
868338 465947
152020 -364364
770380 -767391
-234014 41543
978436 0
-916449 278220
-792744 -48229
0 60270
108742 765659
-58118 288710
485193 0
586558 0
0 226715
0 107094
965254 212646
0 829940
960664 -875527
-414596 -900811
0 455224
412563 -445003
0 886256
56397 -391626
886786 316670
895538 0
0 235669
145591 -341039
177137 0
213610 64188
455272 865436
-275033 -888825
236490 335897
-77760 386699
0 770419
0 877935
-814569 -598931
-877955 803615
-580808 -498515
-361923 -237265
323308 0
827320 0
109518 0
407893 0
-381786 149126
0 438030
993930 0
317783 -305686
281408 753823
534130 0
51458 0
-987553 57735
0 313954
452326 -617120
-365305 956140
-862144 360893
-265040 940992
724240 286539
930801 -433543
154187 0
-3815 320336
0 949635
533816 51614
-726767 55299
-832171 -241207
-764862 237137
-788684 145047
524574 823846
0 227168
0 774304
106598 754962
81562 0
410090 16329
649106 381468
-707523 -732599
115592 -183267
353672 462286
669219 189221
430724 579462
691774 -993129
418012 -930648
-191968 226348
4258 -86752
-635510 753812
274395 0
32055 0
0 630242
0 738306
0 25946
0 278804
163327 -455902
859034 0
0 352853
766185 0
0 941765
66145 0
-211291 -322983
-231112 780815
489380 -281081
-467685 -554768
855008 581949
137360 0
0 577746
515830 -32805
-577844 -718388
789531 886180
129128 -844571
-496828 -13352
