1000
76536 579835
676761 41521
59236 756169
613309 346459
780661 560832
234991 602161
805167 593090
482786 386860
759615 355751
267676 959654
349867 813854
244699 883179
581762 728051
292141 469333
501482 901346
683052 500838
635925 469175
788378 581365
884418 270061
552029 64366
550294 859928
128642 697196
420633 589556
510966 981926
14212 862515
998650 802109
518779 525883
574823 143460
417380 864503
358925 317937
145013 85886
796635 673133
25441 16606
745274 487630
368682 992154
963890 28445
6218 446761
260653 477246
604982 798158
288054 640074
679898 223629
977971 457769
932085 45702
67988 17263
518521 414416
974772 809249
94496 302865
477175 830465
681961 71754
850481 134014
447440 813740
191758 414456
456129 136549
592810 432394
772619 108062
230950 482303
917725 698671
227081 723626
549763 687759
108713 774026
224577 715115
508429 612711
480568 225462
501389 80610
58560 933337
390396 990072
920263 902085
318096 374591
369010 32159
9096 544242
438689 831296
60928 384395
587380 773697
714722 857915
484567 613840
880276 271191
321402 453861
410987 572713
986571 894888
164262 554607
796933 125738
694801 23371
994226 880486
128897 176760
89015 880968
92558 736532
496409 261230
421209 258905
392760 651863
440509 619194
962575 952137
39162 348210
206792 45004
665439 759359
552429 508746
753629 571484
429093 375252
155197 125402
131802 798189
927725 684746
299605 761182
350705 322876
921198 970703
112369 85884
922470 160441
386143 445652
569185 427810
702745 126090
760181 359144
880922 480497
325649 311508
912120 948385
444826 538614
763403 491559
945363 615594
416035 125537
574508 724420
801266 572379
936901 844478
665641 937182
15613 903459
579110 335090
224443 902460
295252 351379
698000 179710
623710 642831
676054 332239
572013 879509
947888 646778
398220 557179
92087 362020
772326 352658
711065 547260
821317 161745
570954 752271
182894 858240
678834 197860
881823 577085
441822 456309
489059 29131
271454 755943
482628 293128
494732 694064
440548 78167
892801 610830
996932 915123
658484 661818
745270 645814
457537 925208
587877 91744
467361 221295
609673 151615
111225 455218
239229 930372
19060 808121
981918 253820
97009 376244
433255 46625
238222 74286
881849 881015
799749 883748
162139 346610
99867 445338
532774 70257
530937 315626
132642 442186
633694 811669
216413 80593
2398 431585
531917 290512
307917 911868
211714 983575
359379 472074
546757 710671
221278 268058
538857 178510
724060 528871
555272 533027
378836 339958
20600 661125
431543 138571
370391 306750
666986 752456
825630 497157
471933 227604
120246 984819
269079 513073
925485 387839
359847 120177
210389 570678
466124 204334
687639 380623
916984 531025
500038 271943
280115 243363
860536 820192
395102 765711
674268 975628
459763 857364
34021 496277
704514 648073
745574 85088
390781 36683
41668 373920
375502 150887
916594 637136
755961 713302
251402 559670
274526 359353
717633 918974
51849 529248
438058 227721
533776 776372
521752 140481
426814 95603
523661 835646
218796 185216
749473 465968
266038 551696
393985 283839
796472 202569
689224 283440
983806 174073
595214 91328
2008 496096
402179 725124
922936 896312
883169 277321
500483 72754
219129 710889
462719 59719
237273 166411
939821 937556
600757 12653
893794 634516
199650 599541
769248 755854
507406 825587
626937 49195
944311 548702
871917 455203
472028 5385
874555 572681
463590 321693
306333 794867
653236 378776
529662 452803
9081 8809
299633 587465
26611 789910
446612 139643
436458 512131
670286 889454
98943 948634
469336 545281
309342 349654
203290 933882
162248 924000
200354 272639
458810 579024
216486 474089
861225 654450
404451 332878
148030 63152
71640 375409
581569 780481
719017 225655
871690 786747
486153 184756
511721 922176
186905 544550
807830 601124
209888 138617
364525 792192
630876 177147
789061 739965
933969 754733
469948 670793
420507 626632
112600 860914
535328 41989
964352 216802
786244 199592
126457 421058
983595 883997
144063 554367
744253 715622
549625 834338
444957 458273
906397 701170
426441 376918
630445 570405
697996 501553
103570 571564
125129 301379
167489 566509
563419 352526
954220 242630
325488 959241
27664 244122
320416 832598
737010 17720
39104 136048
804261 65750
985054 154494
722196 73601
163527 207887
849969 771154
220489 194976
365669 921215
250282 404521
79402 536748
849533 206381
859096 873099
106838 561507
12827 220614
83755 522644
498420 340263
197311 52800
857855 453239
229699 706903
976562 676060
641562 377466
805445 292076
621230 54134
269478 656974
205939 94697
470175 435183
569582 446259
768284 794001
785231 625106
568195 388829
588756 489823
806415 993608
936700 352013
853280 558813
851756 843699
970583 225967
554022 905693
367964 340612
543297 974132
433870 127204
468754 403642
619153 563203
228532 747490
209796 66250
457474 238196
857785 29629
975372 534302
96299 375411
738370 124366
935864 973739
62049 508121
269782 608710
543272 204637
727867 706159
211847 503250
330475 694352
123770 41309
711714 730320
65323 73859
359545 629663
159284 496403
818571 471328
623332 611230
262196 966022
622211 730136
597691 137391
894395 114020
155899 700769
524411 587776
27602 786518
198908 794860
481361 285689
364825 397030
415905 231945
315059 526942
227647 999347
109091 188780
782518 78961
487247 813683
486054 306280
309273 269194
782979 767817
255064 553779
128044 880375
441234 542780
125978 140398
574135 830471
609466 298849
705451 974737
141987 842229
957213 832934
512874 242782
929663 923689
948471 318270
87189 348868
903972 48259
208357 631559
614476 54431
731959 160311
301732 254851
76365 52852
714427 172153
244110 665661
168807 828781
251667 499087
909318 802342
141694 459385
240705 900200
718322 609629
866404 118482
846753 366885
391654 165230
788874 43372
340568 609964
884583 629457
773050 824710
444196 722508
778786 915467
713585 96513
262679 521047
702803 841191
752247 336409
64061 161402
540335 423702
70261 362435
612086 601529
766367 12365
930229 427355
549507 826601
839382 476804
324516 301212
558635 900635
340228 861582
85157 916913
786060 899161
192773 326021
202249 203128
544328 422631
903356 451635
897074 277560
46369 726769
19368 145271
187931 438737
305653 835037
266650 948406
966934 568104
709056 598262
913273 407953
770635 916954
121554 136946
488751 483508
711227 583324
813462 890533
646216 769832
208417 491645
467999 68051
886530 872565
362844 538133
882623 942432
595432 887723
416745 170112
706679 643610
312820 475821
924512 372425
80388 770632
235000 761178
339979 741605
993204 731110
853319 15703
689180 490007
343487 425178
612193 684549
483821 802614
764315 743535
551482 947471
814012 662601
87701 12979
29385 646248
777163 748415
702616 822444
538249 199578
549946 303904
917499 847810
770763 927428
634091 281294
203732 763378
462796 347581
241649 456654
413951 474815
22493 691893
742335 939567
323574 612045
558136 73174
719875 462812
703826 199766
990318 524661
814759 525246
953769 568401
330588 372211
672622 933731
847390 206976
922791 872865
876582 841796
534284 384899
711903 686162
295280 257707
526499 652764
851234 872503
379617 456424
366807 785646
439475 528556
729658 587729
284770 597939
554960 39193
912503 104440
97567 969702
245889 429635
460333 716736
984932 63023
204562 15307
389433 297407
116513 717073
552081 790358
676957 721510
380372 42575
856513 467462
406487 170587
289881 282999
66258 929350
597017 331758
798858 788469
918511 371234
87635 930482
639801 534401
480705 700728
141521 375830
337661 994533
142364 777301
108085 159024
422090 159221
894985 468000
591788 610693
787765 936951
623445 981754
675132 864042
993639 377190
360546 315081
486573 327348
942506 985880
863625 128004
421364 671266
560177 257008
437773 763273
877542 977366
847431 513048
843443 553397
467912 547364
882083 422175
824302 827153
993747 911195
532465 143814
345568 111726
697602 640634
824278 949570
240932 503787
545002 420488
833784 773771
862314 250540
667166 647357
735375 521671
274020 660069
116761 416356
217766 952153
929816 163120
336243 881697
637171 959736
635577 506727
659392 731328
166346 892756
501503 144229
393964 856110
13372 861206
31920 689692
480638 342940
654442 252491
742967 718181
149311 228359
334188 892469
885533 425448
582448 798394
491314 985615
448640 641869
710495 581717
875668 599045
192826 32684
740980 86457
926154 839835
607691 356933
678754 156321
899033 232688
25869 641367
307501 666439
36714 996360
153204 908229
383309 309131
58181 822763
349870 612702
694815 927721
300950 122197
169884 915014
241662 585141
85496 697432
114965 596024
503622 774228
878517 466809
354664 904551
882700 494899
865541 192277
604330 866716
735761 671463
813288 142581
773082 838457
425604 251347
647922 501074
70048 170270
334585 31324
922224 88610
507698 324314
620276 954498
327854 628352
352240 993700
144604 748318
300027 802127
480624 413759
30823 15714
952474 924047
290834 617816
713182 933971
229362 747133
795490 10879
788754 776744
606928 587781
863492 326239
98335 425818
378637 334483
828344 309990
911415 829896
520819 694958
766863 423834
694881 758647
366799 225574
206841 397615
888938 577502
754566 224
184758 123916
304295 513551
820074 130262
958357 872391
165132 463910
217198 747430
134440 621854
742353 9448
705399 904810
614432 956818
574451 424715
565341 621463
569839 530945
467580 119351
916122 841442
588177 783993
577067 249392
680194 568980
535373 430724
270912 979294
143549 180391
627155 80975
122283 217645
971086 741524
976610 351896
11358 182764
362570 835457
740489 335695
127677 595013
39587 374217
934382 182402
74215 611376
447806 49541
936324 567864
701308 242674
187541 214018
652124 278974
434729 771307
768401 838100
64937 593462
911051 149728
699980 581121
998209 902744
938801 115213
148362 865379
875847 952132
687944 40986
678675 660331
458089 910568
627565 366515
934153 108785
163963 761353
853900 100984
467851 249623
65537 396476
972646 215910
78418 568051
238065 664709
233372 241992
65402 392310
941787 955171
852532 35640
651534 266774
757487 852263
177569 208662
381848 724468
557460 273612
270497 109222
882388 204597
591561 945391
420392 123573
271489 934243
504494 879565
810786 111039
549057 803153
364081 911276
580445 726027
216482 336378
680344 583739
417812 950141
289732 576812
886837 421401
500622 696028
830953 51350
581750 676751
704356 265825
974109 429679
401022 150888
189780 450283
577114 912777
616934 366574
780924 458352
934454 17612
999091 826687
723053 932960
480756 598962
456758 236590
431091 1276
587531 714661
722972 408239
554973 253735
423977 327463
39812 165150
393141 968350
316084 17694
385402 217660
377041 989715
348853 500164
275057 839082
873478 836321
12154 233290
534982 218026
992279 412005
607406 465364
441151 362755
986501 750987
619172 372228
62688 74097
311477 344120
222410 803253
138417 189437
338327 838610
249284 970782
158426 758674
448526 50256
469113 666091
661659 595541
69831 990886
817166 381881
320421 15195
430545 101019
535270 532371
748950 241963
784461 756391
789317 466744
273167 53459
731770 73244
760368 80209
282050 621744
518592 330444
27823 4882
624222 506905
908229 934995
458595 159819
382025 869916
633219 246539
568326 102515
937878 700279
821827 360219
798622 335639
294004 416783
100880 206753
255802 101187
789823 279220
123213 563709
749773 365689
753927 592968
372657 384890
728820 825481
250119 508490
196234 802478
418245 352577
212186 852291
425319 395724
617136 718233
508275 867900
901968 653501
722083 947719
311622 308293
289822 247232
446835 931277
321581 251817
590656 580936
337632 912584
506788 297593
27982 664994
603193 182918
64948 573942
611129 326879
952522 929641
44381 425219
647278 735017
248620 342926
268210 604068
54662 786937
794076 497095
668091 20929
267319 62623
600558 816547
942014 302677
252001 857887
654010 415139
8676 461936
514181 776430
200391 879368
178589 197652
802797 852921
679659 568385
54564 445038
294952 840691
533038 132090
679789 745910
167677 635306
451706 501241
699288 109009
328455 275741
844144 92950
162197 324591
773580 423120
987109 621309
196806 590494
96036 961429
490616 708108
500922 912832
269087 87024
625593 519938
80760 960179
146644 17684
308186 82205
630245 507500
68072 128492
904495 812280
971033 408492
767407 465969
357852 904849
963854 51239
575638 838208
957350 562569
586976 555584
336763 74233
482722 700847
5329 268164
328058 532775
343415 412918
846049 469128
787603 340815
154215 253592
291812 294783
484742 365079
880628 208406
257248 375658
574694 584149
235778 692263
473486 816480
241828 71906
573282 486906
947073 978679
250512 869611
914100 391171
204759 805275
382418 606395
264473 846878
525421 983475
569442 761853
124482 449386
423779 694357
183619 840386
764429 381164
790267 848576
893526 18086
120537 100941
94368 395050
832607 676230
691802 462513
553337 484762
613024 830176
907004 758124
619171 573320
653973 51756
324003 846643
312912 285441
658632 924268
724889 126508
835090 455737
489697 183447
684227 470844
498496 205646
232287 327214
941554 156574
916245 130506
160497 856870
816461 852743
334370 168322
928913 479607
292564 708097
686312 6588
257978 238720
396751 852599
881873 682779
544173 287478
885059 848165
50748 833177
988862 713732
488437 47997
575790 299858
658319 116267
335517 861522
251958 753324
791959 688428
840313 440502
526223 945268
465112 222069
727009 374853
759645 82827
244233 464390
35206 890785
426013 566525
429154 387988
592154 163219
974085 86173
791639 751511
476561 65314
367483 743571
609730 880166
512604 414714
286763 387146
196384 538600
117147 876863
511451 436316
361038 17816
744514 594871
595787 223862
589633 126916
953795 722062
747775 808402
116498 17683
472127 530284
943684 245783
899442 916843
934042 504186
104337 906262
719849 193459
477122 767620
367442 175822
41847 192347
218696 153020
437891 793922
748161 963492
325892 498079
992028 26185
682619 247732
637003 188217
194565 683334
496412 310804
1000
830953 0
-248491 891300
128466 39575
-929876 766015
-74886 664930
0 710495
-856334 -70689
-857366 609180
-188145 425661
-464497 990796
-791659 173731
273258 -136612
-52517 348013
934153 0
-395494 -79696
-130783 -150842
952476 -395021
893794 0
-322902 -865426
-773187 420743
934887 185125
-352818 680826
0 64948
554506 -452382
459438 841080
667860 -635640
570049 598988
635202 865139
736449 -650148
448526 0
-798902 533026
713585 0
-795945 198794
-786924 -302923
0 500622
268978 -15030
609673 0
562349 -734814
908046 -609801
0 469336
800273 -699197
-896421 658040
41668 0
375188 -168541
-316680 -363641
913404 -627479
191758 0
-196448 978143
0 477122
753836 -632865
934042 0
275057 0
-192974 -673988
512538 673398
0 901968
307917 0
972646 0
742400 -712417
-930321 -709468
602545 380245
0 930229
684227 0
900110 86574
595432 0
908229 0
-401539 387792
-481106 40339
-97515 598752
676481 157576
941308 23288
587531 0
581762 0
-306690 -583638
-29516 660775
363446 615353
0 665439
678834 0
565341 0
519141 -436325
0 182894
-328987 935394
704424 -522844
299633 0
-756905 -123317
-764205 -727989
-456434 407368
308343 -865277
0 675132
-573803 -841797
0 552081
0 678754
676435 -619462
287668 -114455
0 275057
745672 245369
-530966 621750
927042 428680
0 818571
0 892801
-589750 -684729
0 613309
-848636 -770192
723046 235549
537289 377292
-831424 315554
253929 -763995
807272 852689
-364189 -300104
33345 443927
871917 0
-888067 965519
659396 -784022
449898 611774
-628161 182100
0 830953
278689 -905219
892218 -456557
338028 -283251
0 885059
443230 618156
562646 254710
355339 447509
897074 0
189780 0
629754 -641922
0 936700
208357 0
0 565341
-996676 836919
780104 539989
-280622 -763502
-914840 -688415
87189 0
659271 -895497
185230 -592880
0 986501
30622 709704
155287 511393
-558251 353537
189069 -114208
224309 -244857
-75286 -63151
-254595 380537
-343982 -919624
951480 869083
986587 518082
-216448 -930349
818358 -962434
12827 0
108085 0
0 444826
0 483821
-701813 -829417
19217 -839077
-223855 667798
0 237273
988283 993966
450847 542206
0 780924
-320604 -275869
-925882 -152930
804261 0
0 257978
237273 0
-441268 -866276
950045 772565
-79307 403603
-935121 678839
0 996932
949756 -89913
27602 0
0 908229
0 885533
-32607 756031
227800 382971
981918 0
406487 0
929663 0
2008 0
947596 -352026
-17819 -874861
774866 574440
0 481361
417812 0
0 611129
0 966934
379617 0
0 941554
719875 0
674629 -952869
600883 468766
0 784461
175520 321415
423779 0
-20141 115599
0 396751
-902745 449589
-589272 -648432
-263329 -323191
280606 -715435
458595 0
405773 -487864
528926 -81512
-627513 -927413
772326 0
388852 -689815
685361 -698354
-734071 -612152
-931591 -38757
-539916 303242
-543387 479
441445 642020
0 192773
0 27602
403846 -856104
0 773082
503665 -356818
-503550 -914391
847733 407540
289732 0
534284 0
328455 0
380372 0
-393888 889327
989584 848439
882388 0
432470 -100799
-558009 428184
-81704 151238
719875 0
-668273 493505
653973 0
-790034 -533767
0 856513
56416 -72042
237273 0
417380 0
-378625 -754403
367442 0
-403143 -543654
-482392 436358
-796050 420608
671710 33579
368768 -5294
0 208417
-396929 -185080
-96694 389907
0 69831
940477 72866
203131 53675
-108540 -580643
275465 948042
-868464 203019
181586 211228
48248 743131
-434844 -971334
0 126457
422097 -323571
-102642 485368
339442 -534855
0 146644
162849 -494392
886639 -150790
717633 0
657847 -804366
765877 -403630
-721832 948405
-767427 -830326
0 305653
-579934 186857
726082 -769807
-808297 737691
210288 260667
402839 240636
-32007 828493
-744136 342923
-70617 360821
522839 -313997
701972 283196
0 288054
-493209 753739
-264894 -605759
448260 -907667
0 111225
-393041 -871498
569185 0
514600 -700845
-570331 -540115
949964 -590243
832607 0
274526 0
0 807830
328058 0
368505 -420514
-295236 -199336
477756 489089
837352 51221
508429 0
-670165 716377
233504 192375
-582137 -823756
0 187541
508664 -400145
0 976562
693924 -871987
745274 0
679801 -77499
775369 -976062
-950236 814304
949522 -19061
506788 0
-116340 420496
0 788754
652222 712636
-602409 699194
-364134 622574
0 70261
511721 0
590656 0
0 510966
0 623332
0 448640
0 114965
0 2008
-169802 508756
-845102 574965
575790 0
612086 0
942014 0
477175 0
788378 0
0 345568
518966 637949
-994597 -240484
-621118 478596
609570 366697
441234 0
-863401 -754577
0 689224
202164 -181461
693516 273218
-807044 -213445
-490567 -867328
-714516 -177530
938801 0
-640705 -499191
293613 -258065
97870 166487
605784 772531
-651873 -61334
271818 -315693
0 382025
-388972 -531939
0 924512
0 357852
155963 -150095
-506149 -566617
-161640 -416579
839382 0
0 379617
-231854 326400
407051 970575
-422584 941372
-899408 484100
0 569839
0 714427
0 689224
823642 -217889
871934 871287
0 467580
-549427 555887
0 678675
0 784461
727867 0
602631 -186089
962766 432210
-463264 -300959
-333195 259902
-455367 333146
-280589 -210657
338491 -508597
305538 29567
0 942506
0 391654
0 591788
-367949 553378
0 111225
979459 788860
0 983806
618128 90311
0 880922
220489 0
-441640 883260
-910258 263265
29988 65193
-657131 -373142
-662643 -942187
2595 -15352
559117 982346
-716224 -860142
-25274 -95604
757487 0
916315 256431
-748011 -736619
731959 0
0 526223
124478 -943931
0 694815
993747 0
972646 0
147652 276186
0 476561
695153 -233755
394359 -187403
897228 -314365
515333 -392665
-561633 -453423
321402 0
856513 0
-982651 399782
890351 181838
128044 0
-563104 844557
-940037 114464
0 998209
811639 184352
0 824302
-186000 460888
0 440548
688583 -587026
-939276 895966
487403 527016
-170000 -820545
-972656 254531
667166 0
0 952522
0 999091
-469845 -833657
0 395102
-539489 -524056
597017 0
-863742 -481772
846809 878627
-716913 -442583
-953932 741127
-79534 601549
-359884 11960
-732106 396790
0 27602
-420237 355235
715046 -131694
547712 -575050
213971 130985
0 702803
631056 -774856
391144 -183400
127227 -777786
-821763 572959
-538299 -551462
380030 -850390
0 554022
807760 -955667
0 612193
0 665439
0 939821
422127 180091
-908043 -537068
129281 -273637
564270 -468012
788378 0
0 709056
-515569 -779167
-10186 -686534
909318 0
349263 408532
-142700 -306947
349870 0
986571 0
0 738370
721225 -344417
0 880922
-641950 592902
0 25441
-540 -671477
688259 -25182
740980 0
510746 573770
-909090 -123871
-63780 -818626
0 814012
65493 372383
289881 0
393141 0
-666463 889315
790579 472982
322190 -299581
0 337632
0 154215
997369 -395626
-297558 796058
503092 15847
568195 0
-695818 -144409
989112 910211
0 501503
426441 0
-422689 -832824
794311 -835291
514181 0
345071 4536
0 209796
0 289732
-675230 -357139
108622 739598
228713 -283863
289732 0
816953 -559034
-797045 -287520
-620857 859592
-429612 890104
43205 36972
-648297 -576
0 489697
-796952 -728985
780661 0
587066 402581
-104083 289715
268913 899568
987744 -66618
899033 0
817534 -803148
-788776 594735
-795227 252175
0 196234
-998326 -877407
0 574694
-563358 580819
-517516 514579
946196 134469
0 98943
889890 441111
-966075 801373
94496 0
142364 0
0 208357
762087 -50614
318289 180814
729658 0
-684716 321884
0 123213
741601 -132362
0 770763
0 570954
0 711714
-823683 322619
909873 64162
29270 -1612
-671202 -703973
0 607691
978115 219174
-492995 349019
0 324516
-343279 886716
0 524411
29385 0
127508 -53806
706722 75140
68072 0
0 742335
-300058 806373
0 364525
0 544173
-888235 150844
0 899033
367964 0
0 922470
0 166346
957213 0
229699 0
-687318 624186
-151089 794029
976562 0
232758 -342566
592154 0
-696855 451018
0 911051
296087 -698705
0 318096
0 659392
942506 0
480123 251937
125978 0
-375844 -41020
-555905 -243094
0 141987
-859339 -527561
0 680194
-837203 -758150
0 340568
452739 321182
122283 0
678834 0
-770506 -548172
719017 0
-291208 -551041
-552792 32861
305487 -827919
974109 0
560209 -678942
764315 0
0 361038
945325 -507954
0 325892
372923 -210986
0 123213
351762 385608
835420 -403576
188064 -992709
0 78418
773580 0
-936668 690010
-618417 -148727
87189 0
-236109 848875
-424973 809490
103529 -797356
0 563419
-550436 -385973
-171273 -201962
371082 868980
0 192773
687639 0
0 480568
0 952474
-229879 -506618
0 209796
382418 0
-508378 -8114
0 325892
549625 0
352025 795957
800561 128585
928913 0
333652 219428
-226610 386588
-705961 -492166
0 343487
-567351 -479235
-533773 -527942
238222 0
0 675132
701308 0
-751033 503440
-128219 911170
0 359545
885533 0
-238768 189105
916122 0
284564 -238660
0 992028
-487399 347171
-725433 466799
465038 891158
-261945 925839
41668 0
619153 0
917441 -831994
739611 458027
0 847390
319364 241267
566719 670331
872191 -822233
0 939821
-599551 708999
308556 709315
-379177 -20615
69831 0
412518 803025
914100 0
-417420 -337690
764651 -999962
-354082 -552152
794582 -288529
0 381848
959031 -310865
-708024 863187
-49005 -653891
36671 301142
195714 -505914
-625439 -99169
823640 -252787
739459 -106704
260513 -179968
520819 0
-287108 313404
0 947888
801418 522176
549269 -411290
0 420392
-766591 -801445
-182101 -57820
-714752 -147106
440509 0
343862 -304009
14212 0
482823 -405320
0 112600
-791213 -332792
-980083 -484797
35361 305479
0 595787
-640615 -978765
0 381848
-678232 -766722
-997910 105536
910070 -618508
317846 740718
0 952522
-613186 -294546
-619025 -373095
0 637003
235778 0
-326741 663659
59236 0
381547 630286
290003 -895179
981918 0
451706 0
502643 484213
950818 -251005
0 488751
308186 0
554200 400021
902704 -340676
611041 -924610
-783652 650478
339979 0
-251183 -316490
0 591788
189780 0
-9439 -141411
0 770763
390049 -577111
-404381 662250
-858033 -596008
983595 0
669022 889371
0 270912
477122 0
643048 638046
630686 -993057
630245 0
597739 -347613
105340 -375279
-555863 454796
874547 750150
-545866 361579
-735120 -224204
798847 -655355
-541095 502117
-354904 -357294
0 76536
-702963 -131297
0 897074
36714 0
25409 -842598
498420 0
929289 164182
0 801266
-346547 10740
775666 13650
-345237 4852
-103510 -84877
858033 -604493
446835 0
-141160 -445510
0 128642
240932 0
440466 193248
79849 -508120
329775 -907653
12527 792387
839220 -585029
615744 65271
651732 485682
-389798 -414475
-871758 882406
749599 211026
658662 887220
903972 0
-722863 -372654
0 184758
199650 0
-206979 98882
-836663 320009
-921737 -535777
500922 0
0 884418
0 880628
785926 337016
716186 -975877
0 678834
216979 646407
0 489059
147718 -623892
-109823 -119338
76277 -505017
435169 -773876
853684 346680
773580 0
-231165 -106212
519515 -139775
0 15613
0 58560
245345 -941210
0 942506
0 619171
-214832 217473
545002 0
232629 -500938
595214 0
274236 295384
-520500 390151
-869959 -910096
985932 -496904
708804 -968460
0 109091
116957 728918
861132 -558589
0 307501
0 354664
865541 0
-954542 499154
-112178 319781
0 941787
-854276 494830
0 795490
121554 0
952522 0
515834 32825
-290981 -745807
635577 0
0 104337
340568 0
878523 -463161
184758 0
908229 0
764315 0
747775 0
-584846 -319689
679898 0
-273375 965205
-611367 247045
-394385 545397
0 860536
-652890 849260
0 697996
-232437 529992
-178133 586726
696656 -990652
0 227647
-366432 33925
174312 41361
-929947 -426827
-332500 -70991
70176 -975416
-91557 658408
216413 0
0 894985
0 196234
-400399 -461418
0 988862
-548205 -923800
812214 -161340
626938 65884
0 76365
-516795 617096
894395 0
13372 0
540335 0
579110 0
212186 0
846049 0
552244 -450969
0 617136
547262 -126372
575790 0
661882 955583
-212578 63717
541401 -568472
916984 0
399338 -566431
971584 531478
824302 0
799749 0
0 573282
324185 -784335
-812251 333502
-305784 631225
64583 -907860
0 936700
789317 0
340228 0
634647 -466410
859359 -337474
0 719017
-816691 -247142
288054 0
745574 0
0 849969
-322593 322540
-420794 -996002
0 681961
979699 817566
-267533 -919535
442615 288044
203508 390935
0 641562
204535 -355191
823793 322940
300646 -130610
755966 -858828
40781 -668446
-421197 230058
306812 -580009
914056 316895
828344 0
704745 864879
383962 -814248
0 144604
-659530 -671323
-733841 -746034
473647 -521136
-291874 252954
937878 0
217766 0
-212862 -700268
62688 0
595214 0
642421 104731
-608512 208214
-571947 322874
-807049 -309337
894395 0
727009 0
-223399 320025
-660312 196096
155899 0
0 935864
-696037 187867
27664 0
15049 -857295
-205500 944448
766737 38440
13003 781177
562427 570822
-428215 354128
211714 0
518779 0
220489 0
581762 0
278509 64470
-800468 225945
-768527 687249
-988313 -710155
-927536 64313
876582 0
-178772 -150215
0 907004
365669 0
-709331 912759
547758 211653
929816 0
568326 0
-919749 857971
351927 -859901
0 380372
472127 0
0 262196
406487 0
-955737 431232
-890654 -489210
0 20600
0 204562
141987 0
582000 -685111
575638 0
996932 0
0 292564
846753 0
419769 573691
-245908 277622
-834506 551579
378667 254549
-354281 115763
220489 0
633592 -176861
379617 0
-92688 -340214
369264 327170
