100
678899 732401
660727 679969
583845 335864
341726 457255
171874 94933
666794 25392
572236 272720
204022 390950
125072 210503
794495 601659
799258 61524
8639 99268
846716 157640
283431 545389
111772 545915
583474 116977
10163 225315
748757 756388
473371 522905
321808 150229
161147 400469
489400 778393
129040 487415
485641 272358
189342 321557
511856 544332
149275 823542
305031 292403
59485 499492
265948 525749
116358 780513
564728 175774
848526 229888
750508 950518
24468 931252
636493 130430
134259 112963
45298 969699
69113 151761
173424 309713
868003 72538
542537 235642
746142 352954
761042 573924
588752 952413
412460 913362
314057 641920
302537 161773
809534 589281
433586 758631
16671 625834
969395 114798
586625 938903
519783 174879
268932 9717
512054 914558
324046 147789
662999 9443
134119 506162
953023 620355
683201 835536
537668 969906
9153 549063
971980 795739
975541 383854
146771 213004
892686 212870
624858 989313
79042 615780
677234 144358
895621 703491
641678 304504
200042 248596
484979 339905
314397 204087
954407 872569
216560 102196
507254 897716
519282 482737
595920 606170
53046 365648
613404 335151
490252 147144
616818 801015
832242 512095
360868 330554
9453 737300
966452 830732
116618 489438
473940 556529
3977 708199
213668 821820
330239 308235
160416 66247
99021 497887
161894 864785
217762 339710
94571 96714
607235 81569
206296 495156
1000
129040 0
-480136 319724
289753 915771
0 512054
-317796 895579
2264 420291
-650618 -981566
619800 176032
586625 0
200042 0
0 636493
940786 -731216
-652267 -681055
-180497 882993
606641 -839365
0 799258
0 161147
0 586625
0 116618
-490915 -706863
0 116358
0 412460
0 583845
0 314057
-330239 0
0 213668
484979 0
472700 -428700
0 24468
69113 0
0 969395
-913181 -837382
248631 246941
-139615 -486677
848526 0
-270845 -553608
412460 0
-199658 -941906
53046 0
128635 876836
-795395 -574671
583185 -785337
349665 -847696
0 99021
0 613404
-685600 -523366
954407 0
103434 -390101
496400 -367324
-950465 974861
-437998 54764
0 660727
258780 708337
-813020 -596271
0 204022
-118881 -252543
0 189342
173424 0
140977 162930
865816 106069
-129627 -745003
-211924 -949700
-189086 632081
438125 872050
822132 430069
750508 0
134259 0
69503 -269020
94182 218540
0 79042
94571 0
814242 -95817
0 204022
314057 0
-938879 -446694
-2748 243467
-487786 -158393
117947 -632927
144363 -975731
8639 0
-694434 -888977
206296 0
0 624858
677875 -425939
580072 928186
-351893 219670
321808 0
887869 504954
-704422 -638984
69113 0
0 966452
171874 0
-753993 785685
288355 -571737
-142104 -293959
-762297 -684486
183852 255505
0 607235
0 969395
521769 -284181
-529613 -653797
-376881 535548
-870790 -861113
-329988 124340
0 129040
651310 -599936
238693 -666198
-655433 143625
632340 790330
300281 -260735
0 624858
490662 -738267
921202 346310
802208 -206809
0 613404
-172771 636935
-39628 825357
588873 747155
-844708 -800667
891636 -230456
0 583845
367332 -122519
969395 0
214368 787092
134119 0
-876696 -56923
161147 0
954407 0
-897406 108364
416996 12777
987252 -327124
222487 -839453
-547848 -918420
542537 0
798185 219205
0 134119
217762 0
624858 0
94571 0
0 490252
439942 -602810
-32678 -437313
-448522 -711939
-890468 641242
304092 -264579
698557 926120
519783 0
435798 -203641
641678 0
116358 0
-654035 -376327
-168511 186982
0 954407
0 125072
-667990 -757567
767940 240051
141073 -228239
-966208 560627
337819 199662
16671 0
397108 -27335
0 59485
892686 0
-404725 882112
-195613 -996677
817105 -11047
858744 -665722
-664544 -881558
0 305031
-630084 -114290
0 173424
0 485641
979405 -110965
173424 0
469768 331503
113856 654428
-225191 219974
129040 0
-734789 -669856
-98167 -356195
-30711 590190
863005 901309
230715 -649339
495059 -901360
-286552 -358514
-980907 -309911
0 341726
323747 -145345
-729570 990320
-785603 -101722
0 572236
-902604 807905
0 160416
0 519282
341726 0
204022 0
-494688 -78638
0 24468
129040 0
283431 0
265948 0
117449 991946
953023 0
-276150 353290
47319 -859907
-67556 -225457
-235297 487498
111114 603442
-567734 -922615
0 216560
773000 -767120
314346 -34442
324046 0
0 125072
-695749 -973249
300125 -884612
-999774 813665
0 572236
0 895621
-725130 -437983
297235 583490
0 519282
-819048 164063
-94606 -554183
0 537668
972622 -33875
0 868003
314057 0
948403 -799490
654996 -694344
621711 271585
69113 0
-41455 152882
0 748757
116618 0
702734 -904544
235492 -429497
826883 225914
708941 -665561
0 519282
-924648 570935
-530109 -997821
268932 0
0 966452
654638 -706115
799258 0
666794 0
211416 -793360
954407 0
900008 377888
-829197 -287010
99021 0
-139693 195709
-592111 -330132
-291477 920355
678899 0
120407 675726
-516443 539178
100898 -984180
892686 0
0 512054
-148408 -177470
-283854 953032
940271 613890
922815 -566427
0 134259
79042 0
200042 0
705628 -309407
-221389 88112
173424 0
630635 155633
310187 103255
746142 0
705384 -404934
0 662999
-750314 577842
0 59485
-808276 -913658
-840535 -715737
189342 0
129979 -560390
436335 816813
0 268932
-682660 851988
-132697 -302893
0 200042
-430432 -868287
-818313 513157
-933088 815599
706112 -175777
162128 -592477
314057 0
-473655 -821731
953023 0
328510 -146187
0 511856
366582 -724204
473371 0
0 616818
854529 551338
328048 82950
-422462 988689
-191995 -231372
410048 -684615
0 314397
0 564728
-732170 -676759
-38758 -566747
0 314397
665586 -819982
53046 0
0 146771
821066 525813
485641 0
-793376 -656699
891182 139105
712747 -735380
607235 0
-133276 -22502
473329 149554
211672 -483180
-800577 392859
99021 0
-442938 -911382
-613370 616060
-631624 22659
966231 624701
501193 135308
161894 0
0 683201
-630004 -770565
460298 -724733
0 799258
-781560 -198190
-283802 -163642
-25697 813645
-124406 952829
0 519783
961949 702159
748757 0
56233 860759
-171874 0
0 613404
200042 0
-924147 989486
0 3977
533456 -8041
-648410 100989
552243 -471536
624858 0
0 473940
942023 38794
-37348 -878045
-716471 987900
554016 -683550
-95811 -788609
761042 0
755998 -318608
-746212 -524433
348134 -551980
-326871 464249
0 473371
794495 0
-993916 -808633
683201 0
451266 -416070
346653 574295
-89536 602444
681944 -89968
0 971980
595920 0
275916 511457
512463 -589947
14967 -220146
0 678899
-417862 247965
0 572236
-240889 571297
116358 0
-60162 -50079
-699887 -480209
360868 0
126170 -527615
0 134259
0 69113
761042 0
216560 0
485641 0
0 761042
794495 0
-463550 897076
-864937 -547517
636230 127956
-526715 13955
785729 -975697
-815302 -923981
-218587 -858030
-552839 -754359
653415 748605
0 595920
-341987 585288
542308 670309
501403 -346947
-711875 179792
0 490252
-972640 538041
0 975541
-363078 365385
-811674 20484
433530 -303399
686903 -800938
333784 422127
0 321808
360868 0
-479767 524940
973252 550379
171874 0
-278562 -157539
462433 -859597
895621 0
519783 0
-851498 -847225
930591 32642
626752 942156
0 975541
-401280 739403
0 848526
134119 0
-644343 399823
-423433 673825
624858 0
519282 0
-610684 -279126
368112 974932
759998 864624
96948 678706
-468484 18756
-586100 624853
-952077 -105609
969395 0
280597 -871459
-101634 -581423
-823004 -276622
423944 696181
-970639 130321
583474 0
576017 819602
-60740 239600
579585 750760
0 146771
-170717 -853141
-429284 408082
583474 0
-109106 -83672
-904585 -461145
-715950 -267282
0 111772
915908 -580277
0 485641
-362804 961128
433586 0
895621 0
0 45298
541083 99556
471294 -39272
801431 739398
0 489400
-262082 622783
0 519783
810372 907959
-72147 667078
0 564728
542537 0
207137 -664730
-618 11457
827873 841847
-463036 -476726
0 969395
932556 -957184
116358 0
129040 0
-11079 319933
-202151 -799594
0 268932
0 616818
-649451 611160
0 321808
99021 0
-603365 648152
365120 734625
711951 -116244
0 846716
-369498 538376
613404 0
-315652 901970
200042 0
79320 610334
171874 0
-112582 -467102
-759551 -554931
607235 0
0 134119
616818 0
480352 96095
954407 0
265948 0
173424 0
-182748 -922498
684057 -608166
321808 0
677234 0
532455 -818358
-244865 -212029
0 8639
349211 -460028
53655 -448487
641678 0
780300 -162684
60479 162962
-591227 508774
-537595 -726220
-758232 -410041
0 146771
255390 -233674
969395 0
0 641678
748757 0
-364005 786443
666794 0
0 134259
778988 -189909
797788 -438297
204022 0
-101786 861165
772 -634273
0 519783
147959 -567023
-971783 922563
0 3977
805495 992338
-906085 355838
0 9453
-677346 104952
-889678 -87367
868003 0
0 160416
868003 0
0 809534
324046 0
-575504 586712
954407 0
-818704 -56863
761042 0
-305626 -716113
485641 0
542537 0
-253599 -902677
0 624858
-262061 981980
-865552 -889533
339697 -256268
272213 321117
-321768 175143
-9345 -552990
719979 730868
-385607 -24138
997657 436918
0 666794
341726 0
-925047 -131865
-334833 739980
0 799258
0 586625
9153 0
0 641678
-377124 454713
489400 0
-930289 -172193
330239 0
-917255 744840
277075 -17982
377055 -822020
268932 0
-797084 -946158
662999 0
213668 0
13532 -321410
953023 0
473940 0
-674926 748358
-632650 799830
-140295 81457
314397 0
970907 -837112
776033 175838
-330808 344307
-839949 -866575
-65168 -119671
662999 0
441475 -852083
0 134119
156060 -522499
583474 0
-769221 -962643
473371 0
146771 0
151996 -776253
935140 438337
438713 747480
746142 0
231154 721951
-161091 811105
-780857 -402522
0 975541
189342 0
0 607235
290035 -353283
572236 0
507254 0
8639 0
958312 -374177
-55781 -468363
0 809534
511856 0
-82199 -172377
-736990 371993
165101 -660884
3977 0
0 99021
588752 0
0 969395
770710 778127
490252 0
0 537668
0 490252
697386 -737326
723679 871602
-712528 -793341
794495 0
0 217762
485641 0
321808 0
0 564728
330239 0
0 971980
78354 381715
-559492 -493945
0 412460
324046 0
0 161894
-550639 205895
491693 568648
-935276 81198
0 519282
-849667 -94254
0 216560
677234 0
0 161894
528212 -80447
-735177 818913
360939 500641
0 537668
675605 -548488
330796 246354
13557 88662
-494563 24974
-156930 691954
953023 0
724863 759612
662999 0
-865431 -854951
662999 0
519783 0
746966 -12466
-980489 700130
511856 0
0 204022
432263 430483
528921 -164920
495819 -123539
-482992 357365
79042 0
776189 795956
787638 -909483
-715805 180458
-733026 937266
0 624858
895621 0
-504102 -184816
0 330239
-745617 -533264
14398 225292
975541 0
-183159 169513
-562364 -717620
0 330239
117065 548064
-654910 921999
-268159 562598
-554548 555828
-250915 175152
846716 0
134119 0
953023 0
75107 -146687
314397 0
30525 -917599
79042 0
511856 0
411569 862020
0 662999
0 966452
373218 739238
809534 0
0 204022
-559008 -353265
-830668 -190058
293628 -7182
799258 0
607235 0
-513202 966612
0 868003
0 512054
595772 612749
-239742 -162051
146771 0
0 134259
718934 -821087
542537 0
-601090 858761
750508 0
666794 0
433586 0
-170406 360169
613404 0
-305956 -256536
-225664 289610
501927 455925
-161170 -514815
134259 0
0 966452
159219 546956
737747 -848901
783093 745758
-314277 -2257
494214 912518
483919 4243
-345514 -644037
-446863 -844098
-554198 426627
971980 0
876418 171856
783744 -319600
597761 22987
146771 0
769295 22655
0 173424
667715 933869
-906369 -419268
625708 -588858
583845 0
10163 0
489400 0
-695375 -700335
-4418 203405
661009 295351
937263 88992
213668 0
546145 -892218
-753107 -325744
-594900 819277
0 69113
662999 0
0 748757
507254 0
588752 0
583474 0
0 161147
-901300 707771
-320905 671941
0 846716
0 595920
519568 743133
-400572 639140
-999745 -710434
390357 587610
305031 0
-914527 555705
975541 0
485641 0
-546313 854663
799571 -495179
-333380 -841557
0 624858
959101 869368
-226093 -927206
0 583845
748624 -169609
586625 0
0 314057
0 160416
0 314397
-980609 690515
799258 0
705087 614991
636493 0
-280447 180006
321808 0
898441 61377
0 953023
0 583845
93092 -79216
-64051 637169
0 512054
249605 602811
846106 -928605
189342 0
0 809534
615881 362359
361596 -465017
251362 114726
-729656 -464558
0 160416
329536 -924329
-74239 -483162
-499712 -452056
-56245 -266981
0 895621
0 173424
0 9453
-418917 523981
490252 0
730919 460601
371069 641263
0 595920
601590 336518
352317 -306562
-434054 298072
640080 787872
-995074 -249213
24468 0
-70897 -347840
302537 0
873028 -766678
-251777 -289661
975541 0
-948321 982567
986356 622406
-44209 -102217
-375935 425224
196610 535820
324046 0
75358 69449
824252 24523
270257 -534212
94633 -209853
0 16671
0 746142
761549 912442
846716 0
954407 0
0 125072
30201 -373517
-966868 -525644
5254 642240
-927370 861022
0 24468
-411700 -268318
-100391 290510
-375426 975051
761390 233523
512648 524936
901482 -862888
-148361 625710
-557718 -699898
-655202 24749
62615 47568
0 341726
182785 334771
24468 0
213511 395600
0 3977
660727 0
624858 0
59485 0
590251 -113903
-641690 963418
0 134119
171874 0
-64697 -217532
868621 -771968
189342 0
232694 587821
-928715 266055
898707 531357
748541 438641
-454463 -482053
677234 0
934172 172814
873898 -148518
0 666794
79042 0
949091 752521
-724437 -799389
351230 -563295
0 69113
583845 0
-650865 869405
393667 184889
-320045 -877363
751191 947414
341726 0
216560 0
-115171 58343
298766 284439
583845 0
605862 84757
-81349 108264
741470 -332508
-202738 -659000
232689 496330
447795 -715997
947900 744637
412460 0
-952429 -22349
45298 0
0 116358
314397 0
20709 206528
0 341726
0 171874
397513 776558
992541 515835
809534 0
-687593 13673
41089 501209
0 265948
0 216560
318663 463329
192177 86029
-720044 977014
-267720 -60541
412460 0
536983 -772173
0 595920
-239499 -83863
0 832242
0 79042
-905213 26764
-84604 -565620
189342 0
-459906 105483
146771 0
23862 -830784
799258 0
748757 0
0 683201
-452264 441595
-847559 -684333
766941 -538031
-46255 -469702
-426642 778592
-849917 -285344
-73965 133021
0 678899
32120 -133280
-97186 128744
697580 524230
-951880 -795374
-225029 956457
459527 326138
0 746142
511856 0
666794 0
544119 -909685
0 305031
351646 431787
426327 728521
99021 0
0 125072
-925238 665932
134259 0
-915909 -647729
-464090 -166015
519783 0
-277059 -908908
939510 -170447
660727 0
-20979 50113
59562 763728
0 330239
0 161894
45298 0
3977 0
607235 0
-107612 -990250
757425 -358676
660727 0
0 507254
