30
965439 72604
520810 464347
368087 274434
357037 30909
530765 362879
73689 551149
274880 205513
693091 863269
376071 150292
976257 198175
900208 244293
274099 384586
107904 744150
836836 128062
698847 526727
698948 859699
482854 557006
64721 483662
714239 509350
215056 498668
475693 623898
979165 170859
943916 104144
792112 810250
366943 17340
44502 820441
623716 761082
760287 426333
546593 255341
837283 508941
15
-933274 -295461
10170 -798511
-904837 -685896
502229 -464286
542187 636040
792112 0
0 623716
-241020 374314
837283 0
-235014 -748569
-105160 190573
44502 0
-300630 -793946
965439 0
0 -698847
