90
740986 30813
787395 941296
171953 757604
608752 352529
664576 978127
580618 1939
463134 236768
125859 138017
597510 824462
159451 76245
400498 272889
611053 648425
82085 653928
824954 291303
613654 871953
372987 352753
934479 365641
302569 249197
747482 131389
714789 95203
509211 740068
716922 365866
110348 593822
686077 198813
424784 288959
141365 736594
654461 377170
493176 45735
747769 934569
593296 922240
308828 277585
43265 297387
493645 984603
51962 822882
316902 127197
213972 966138
10954 412898
287890 59173
162889 469742
169368 56904
573519 910396
151436 957921
782357 595171
741717 98062
860416 216855
573166 750308
844234 26474
403843 834984
865508 849056
197994 313345
757940 931296
588355 826723
826258 254406
984916 788539
104458 739270
167577 229966
828029 828522
737399 538751
429911 672040
657248 870944
772142 869523
757043 456089
613265 750191
136869 807592
701248 834347
764515 213636
74831 295484
633659 397403
922596 501090
749747 568270
71352 147179
623651 928729
660021 329501
941244 458719
239899 910079
214059 59704
434258 868729
588446 916110
228439 774271
43271 496753
256171 79584
154890 494736
298522 642455
566738 122570
746120 15697
429839 211474
629003 670326
383167 257355
198775 429097
86714 58863
75
588446 0
-535741 421378
-402531 -263462
-545407 71652
0 372987
-686312 -487026
605456 -742365
716922 0
0 493176
154890 0
0 664576
569394 -402871
16720 -779562
-657052 952622
747482 0
297131 823177
-30229 694780
-496801 436334
788713 -864458
-509825 -319083
51962 0
901857 -568766
-248432 -108320
0 573166
-991544 -977852
0 239899
-259825 541298
-287622 -320130
-308835 -614244
-69406 703591
-512801 -292373
-116194 870100
660021 0
0 167577
-449105 -500812
287890 0
644220 327223
0 463134
612908 418000
863866 -631407
0 400498
-600916 -223173
0 169368
-860149 -140402
299183 -711665
141365 0
429839 0
764515 0
0 302569
0 664576
847281 819393
417552 -659517
-439424 100643
728575 -896894
717619 -910795
-756657 41411
-86684 510545
-796569 -294141
184241 799321
-704063 -620681
0 403843
764515 0
-32249 768992
0 74831
692983 -678270
0 984916
0 597510
0 747769
-571291 -662615
-473048 -621250
0 573519
308828 0
922596 0
-882846 661373
0 154890
