177,21,33
69,4,7,5
95,49,77
72,4,4,7
138,30,42
141,5,2,19
245,212,236
144,4,4,17
766,716,724
130,2,4,19
8634,222,246
598,2,4,97
773,723,753
10149,7,4,919
9564,188,212
2873,2,3,571
4648,4593,4629
1727,5,4,191
631,596,604
18748,7,5,1559
1188090,2658,2694
70,7,5,5
8752,8709,8727
16125,7,2,1789
8610,322,406
54415,2,7,6043
1179243,3231,3303
86815,2,11,6673
77614,394,398
79803,10,11,3797
1403,1383,1389
148808,16,8,6199
160258,1498,1526
6940,14,2,433
170997,170608,170672
88916,4,16,4441
677033,2177,2191
313161,4,11,20873
1062,126,198
173356,14,10,7219
421114,421016,421048
254463,6,15,12113
98790,98732,98764
1739549,10,9,91541
157226,156761,157091
1118374,14,8,50833
948834,948673,948739
1453518,15,3,80749
1200592,1200329,1200511
2152203,7,8,143477
938289,937854,938178
1318212,8,20,47059
1070459,3679,3809
316473,19,4,13759
1608318,5274,5526
3367194,23,17,84179
5317597,5317141,5317243
4119176,14,10,171629
483595,1555,1565
1077086,16,6,48953
