1000
112077 112516
288524 288843
699550 699957
70374 70708
552425 552673
460753 460998
705025 705104
892834 892877
166072 166467
921183 921519
789856 790336
320612 320924
357049 357363
2363 2819
558950 559158
787816 787892
598704 599116
923797 923866
641870 641883
717356 717370
584808 585224
822815 822852
415749 416138
570515 571010
358257 358334
193689 193916
543371 543524
848447 848875
967912 968123
918068 918502
348545 348859
908108 908325
534408 534676
579535 579874
391805 392100
116842 117157
636774 637178
713240 713553
202967 203199
278799 279103
67359 67361
673260 673624
926637 926696
946425 946570
874903 875389
177766 177778
108033 108049
792982 793338
878457 878915
268423 268916
720252 720340
167019 167278
747185 747511
43323 43456
385935 386022
203942 204379
48925 49263
106966 107125
905180 905532
316418 316818
382506 382856
384656 384922
144046 144390
402941 403344
477127 477271
736249 736619
714877 715060
33740 34224
548888 549269
700504 700956
27077 27177
777596 777957
707945 708352
961260 961690
82907 83209
428336 428771
533304 533717
706351 706625
253219 253637
285386 285503
927727 928078
563121 563313
609478 609711
20472 20524
958663 959002
43697 43831
697641 697696
135556 135600
869523 869558
441665 441904
238481 238662
262387 262749
917272 917414
596136 596275
159787 159838
546433 546870
746048 746459
931850 932035
785307 785440
902916 903145
527348 527572
615775 615867
181958 182344
653873 654350
335948 336343
483153 483185
390390 390490
482714 482785
635657 636027
835844 835981
93366 93376
47934 48425
60910 61303
496939 497320
191573 191925
68168 68452
474936 475111
688398 688590
586194 586679
847500 847899
695619 696110
535580 536029
74864 75242
794282 794318
553623 553724
717884 718299
471631 472067
608610 608762
414430 414844
307482 307654
299132 299155
778599 778890
873730 874182
487137 487260
188643 188873
50240 50245
362697 362978
802103 802258
244707 244831
620279 620288
763058 763290
449253 449509
684610 685051
766961 767439
396101 396499
484779 485001
942724 943132
236840 236906
728524 728569
991624 991819
854960 855225
802952 803422
263978 264097
523672 523838
211020 211411
163167 163287
159096 159101
818235 818254
702171 702538
78613 79100
85959 86275
139067 139368
628139 628341
352749 352931
392841 392857
741129 741494
274285 274497
767915 767952
409448 409618
968999 969178
23977 24058
29635 29801
914408 914772
863659 863748
249759 249957
759951 760405
318558 318814
544852 545138
196537 196779
377463 377827
511232 511589
696616 696834
343130 343396
749605 749750
217596 217822
332016 332257
124407 124544
939582 940021
276550 276725
270205 270504
665780 665800
455191 455562
941231 941434
426816 426831
893091 893242
209353 209372
71364 71853
703275 703289
666526 666717
774813 774901
896593 896660
10313 10636
60129 60306
964531 964628
424925 424997
812083 812329
734651 734761
457134 457365
826288 826390
976687 976792
517468 517829
27389 27645
453242 453528
277673 278134
838136 838459
469656 469985
397868 398047
44639 45108
355675 356095
325160 325200
388116 388226
872356 872546
984431 984667
84298 84356
162137 162411
199626 199765
105361 105482
589182 589375
77101 77134
602722 602799
493129 493187
289417 289660
215531 215776
952089 952535
857148 857357
667831 667987
650321 650801
468850 468929
222137 222515
762078 762183
443920 444238
214533 214861
705793 705823
456419 456745
502322 502737
46641 47033
343763 343828
754651 754973
152081 152257
574978 575405
924164 924661
892079 892356
757352 757463
853053 853149
309648 310032
290489 290784
35561 35617
498267 498554
58086 58311
349739 349980
611724 612043
92419 92475
882255 882542
327849 328117
464210 464698
677517 677881
138348 138536
312716 313173
954393 954865
944154 944201
851826 852257
96726 97046
364252 364316
13960 14284
753233 753407
723782 723790
310970 311004
305209 305445
239324 239640
256011 256386
873160 873228
55624 55962
916205 916391
931377 931444
315661 315701
488056 488147
796934 797137
120073 120395
68972 69377
994269 994688
51534 51628
108989 109151
912894 913106
344689 344693
531429 531798
743756 743992
89876 90056
862032 862497
980619 981044
190801 190944
330129 330428
507331 507463
592608 592664
871608 871825
645550 645805
246138 246252
154496 154790
175687 175794
432313 432455
898065 898530
15898 16357
504120 504221
580944 581196
656494 656685
842987 843441
532490 532518
899070 899356
297560 297836
506101 506576
775740 775954
301033 301183
142994 143029
446128 446431
528201 528473
21489 21887
984951 985187
771741 771826
258073 258397
283771 283809
376125 376402
733759 734093
247279 247599
667222 667559
605754 606101
205356 205532
406427 406676
784186 784490
383931 383973
922114 922264
640345 640788
229975 230172
758405 758443
363465 363610
590092 590575
37712 38115
735120 735384
410505 410642
846398 846725
989717 990118
91309 91631
103752 103821
942197 942256
429790 429950
295318 295633
280501 280928
662154 662227
824945 825353
40485 40760
712286 712363
887581 887673
19448 19626
849636 850068
195381 195412
347548 347882
669956 670431
607207 607279
200530 200977
80763 80793
298147 298232
805706 805719
322616 323032
680646 680964
189176 189521
739482 739741
340852 340867
990871 991056
845519 845586
509121 509337
691865 691925
855542 855643
776526 776870
86545 87035
995733 996000
110247 110299
867496 867908
308081 308575
486016 486276
173979 173992
375323 375746
248451 248800
573856 573908
17141 17522
462296 462746
599970 600373
884477 884833
886767 886946
251268 251382
900188 900263
796051 796312
372117 372341
59228 59299
45916 45939
54328 54658
888758 889020
465319 465817
732374 732814
987438 987860
876048 876354
237998 238221
894952 895012
638235 638450
859529 859992
583236 583629
982326 982705
721760 722255
332901 332947
339787 340109
407579 407728
508255 508423
545742 545967
56950 57022
686182 686655
703874 704160
823888 824029
473408 473548
419042 419471
254354 254717
97822 98269
896103 896497
744669 744924
164146 164509
526518 526745
293161 293308
178336 178708
544042 544332
525605 526027
785862 786122
194526 194771
474369 474484
577145 577563
740390 740500
65100 65427
481312 481665
491949 491996
417204 417501
801240 801477
832291 832408
323189 323388
617675 618103
962562 962590
500134 500364
621207 621694
42444 42862
808618 808772
371018 371232
903820 904282
975826 975871
709081 709228
720829 720879
512903 513148
763688 763802
453929 454229
669140 669192
663564 663780
207985 208168
799468 799952
216133 216553
150345 150352
145362 145807
73318 73455
804605 804734
463624 463721
302646 303056
269749 269934
296616 297015
232449 232760
242592 242878
648848 648996
840068 840343
742527 742790
661173 661504
72656 72823
979828 979949
272446 272729
261602 261655
309016 309159
422337 422733
328505 328725
628878 629167
341468 341797
187165 187233
334995 335291
250552 250772
738577 738836
13323 13361
593633 594007
206277 206285
932956 932957
413108 413294
311691 311734
224287 224608
157591 157817
169070 169420
655340 655746
791085 791334
77603 77825
993446 993647
303823 304195
557311 557683
906888 907140
314513 315005
260190 260659
30037 30516
385252 385535
649566 649634
780286 780430
935169 935313
885695 886094
226702 227078
556334 556722
434431 434496
839196 839444
122102 122235
345360 345515
6536 6563
259512 259652
988785 988956
411535 411595
461540 461822
623014 623282
854082 854557
956645 957031
821399 821815
495172 495438
858195 858485
971216 971322
263209 263494
707164 707194
779470 779614
676571 676994
829029 829362
81860 81912
418068 418165
270883 271321
161446 161473
223143 223418
161002 161091
252004 252267
389319 389471
524493 524896
953610 953776
28086 28202
212635 212907
860817 861300
451985 452273
430646 430872
957750 957815
672294 672466
117633 118121
694212 694356
786785 787247
879471 879506
362032 362413
393261 393550
36729 36989
817608 817782
134357 134643
633465 633879
837477 837572
74059 74233
478871 479354
807594 808027
447489 447639
813760 814162
79826 79963
184417 184845
625152 625181
443192 443201
137534 137880
659991 660096
612450 612838
306245 306543
75940 76045
126926 126987
187719 187864
286451 286713
282918 283085
405398 405579
722685 723105
146829 146995
827250 827512
442599 442608
880570 880674
554647 554803
373018 373462
155514 155780
540055 540148
93814 94265
564068 564443
218083 218086
675183 675281
317667 317755
395072 395142
725993 726380
266931 267402
102123 102536
560818 561243
241328 241800
601158 601183
724794 725187
938190 938220
168095 168488
331473 331714
480028 480377
121163 121511
445252 445546
929704 929710
368690 368724
833667 833820
466809 467240
101357 101456
1985 2082
567847 568341
172659 173039
359420 359703
450203 450377
865961 866364
234439 234711
41721 41764
510004 510492
396754 396782
541180 541409
547585 548077
572296 572746
4078 4430
674243 674734
439164 439400
15023 15156
983317 983709
521495 521662
806391 806827
294356 294660
960329 960659
591883 592193
225522 225869
772512 773008
604860 605041
789415 789535
909815 910128
893921 894259
928842 929097
198429 198739
714264 714430
966637 966907
477826 478224
386796 387289
356776 356864
682213 682261
622579 622855
31770 32039
499161 499196
63880 64279
125717 126061
782435 782846
856135 856493
578475 578833
752406 752677
448192 448509
603907 603918
252712 252908
539079 539427
416469 416561
227590 227975
8473 8688
765426 765812
299701 300034
690112 690161
719135 719200
756044 756383
265757 266220
530335 530500
870437 870867
569602 569793
374219 374277
183323 183467
689519 689871
974154 974333
433169 433359
170364 170528
840898 841070
919497 919875
501393 501722
326335 326811
118938 119288
597018 597448
537027 537328
933932 934037
235804 236237
123470 123864
542395 542493
559797 560102
850587 850625
920317 920356
221207 221279
986224 986671
639258 639635
883079 883388
114452 114534
819971 820107
627176 627362
197487 197662
206938 207077
519762 520168
955154 955374
231913 232048
408762 409011
201919 202030
9239 9468
475826 476128
431708 431758
693575 693846
748573 748703
562046 562363
687198 687651
360295 360740
970238 970631
889555 889850
936125 936600
62227 62630
275367 275515
881374 881629
418458 418721
240646 240845
380317 380607
125026 125447
815898 816379
319375 319774
353441 353692
133512 133752
496084 496198
923191 923436
651404 651869
908596 909081
901116 901229
87910 88316
683135 683313
156412 156805
89223 89275
520869 520971
788359 788402
165440 165666
658616 659044
467860 468152
644438 644692
737118 737420
357922 357940
185560 185835
113398 113859
100117 100501
558153 558400
472579 472869
174946 175099
35870 35875
110857 111262
176438 176692
610780 611015
295815 295837
425681 425791
781424 781718
726684 726737
910641 910885
243307 243798
518672 519110
868668 868823
863227 863375
489791 490284
420370 420549
890656 891106
975029 975304
678486 678960
440084 440551
715582 715588
128047 128428
537879 538293
564883 565218
691058 691439
652814 653202
694771 694899
438171 438239
436845 437237
516258 516484
210440 210461
835400 835588
642703 643146
671373 671538
549784 550156
149232 149407
213713 213767
770278 770729
334074 334101
130842 131150
148266 148474
977619 977885
401110 401257
233708 233821
433703 433928
364885 365139
192762 193182
973218 973554
759038 759204
683910 683960
143750 143764
99103 99141
730547 730605
39044 39240
132182 132188
798311 798612
809913 809937
136529 136636
698859 699046
877359 877584
751180 751569
947476 947546
937549 937689
354781 354815
32792 32967
692674 692776
246810 247125
52300 52534
451068 451344
351820 351970
709682 710071
828365 828733
180403 180727
231048 231176
575977 576253
764545 764861
915393 915834
279684 280111
115483 115890
647510 647972
864966 865022
245354 245616
140740 141056
851097 851287
284271 284582
369938 370171
800197 800438
337917 338349
5214 5602
457804 458106
959569 959857
551481 551519
378232 378721
12254 12430
141782 142156
379556 379666
710765 711163
949859 950103
810578 810987
529265 529576
208804 208837
513887 514361
503354 503593
219798 220016
679708 680009
361330 361454
301548 301947
489100 489266
769304 769582
844379 844730
831376 831663
1036 1357
329319 329348
459284 459495
264421 264598
367319 367696
399929 400388
401854 402286
257382 257677
522187 522385
28629 28741
325657 326016
153822 154004
186577 186833
470613 470827
698056 698518
18634 19132
22922 23162
404276 404485
365829 366288
930529 930976
423366 423805
664482 664814
981717 981870
601845 601974
291689 292171
522615 522859
588299 588320
435535 435915
834340 834532
491163 491508
504823 505016
26392 26661
66031 66477
727161 727558
381440 381673
104203 104517
948349 948805
657502 657811
152418 152555
731383 731765
421344 421721
412365 412639
925349 925760
951204 951629
11238 11346
514973 515469
792360 792484
34637 34948
53380 53563
228814 229100
446989 447064
913636 914093
273242 273428
729106 729241
346239 346535
911913 912011
350905 351301
842264 842469
337258 337273
634767 635178
797891 798061
24837 25315
768725 768905
427378 427837
676099 676183
963549 963803
716646 716773
255193 255341
493880 494205
631015 631319
139804 140214
646654 646913
614796 615149
95047 95377
153213 153353
978670 978866
616476 616903
613632 614067
555040 555365
565981 566397
179128 179303
830357 830754
463225 463230
618999 619323
218860 219185
598012 598362
818885 819009
321888 322027
581814 582132
632106 632545
129440 129745
897036 897515
339011 339304
630029 630367
566887 567239
595010 595135
177091 177267
171657 171789
438538 438645
106298 106441
773712 773939
625880 626239
483978 484120
750426 750442
814849 814906
587459 587502
7180 7618
972295 972462
287374 287645
901612 901905
965697 965734
211881 212241
761296 761321
836319 836563
323887 324301
783556 783629
771103 771333
53974 54078
85093 85335
394406 394556
281547 281605
398784 398974
992555 992712
151371 151516
608144 608305
794763 795139
624181 624608
945235 945341
445
225526 225633 3
169214 169358 3
520906 520944 3
619150 619211 3
525772 525845 3
438174 438196 3
50242 50244 3
851899 852030 3
457932 458078 3
445362 445427 3
261622 261634 3
188755 188861 3
17218 17332 3
178367 178392 3
931383 931407 3
227630 227688 3
314636 314845 3
355693 355888 3
296731 296836 3
656572 656607 3
421519 421670 3
864993 865002 3
7195 7306 3
727313 727364 3
424936 424955 3
219872 219877 3
982440 982579 3
27445 27449 3
777617 777748 3
884517 884601 3
792366 792374 3
37873 37986 3
152465 152522 3
265899 265914 3
483159 483161 3
734706 734709 3
449356 449435 3
23999 24024 3
451100 451155 3
474378 474378 3
560850 560861 3
769375 769391 3
796969 797015 3
845522 845551 3
894967 894982 3
360422 360513 3
516364 516395 3
64017 64083 3
752420 752519 3
35579 35603 3
598746 598900 3
463663 463680 3
462439 462529 3
168112 168139 3
287462 287522 3
210446 210449 3
508276 508290 3
409464 409535 3
401179 401216 3
520890 520901 3
235122 235178 3
375525 375558 3
974214 974282 3
151389 151413 3
457230 457316 3
346322 346337 3
430737 430841 3
48081 48224 3
493132 493147 3
974176 974205 3
728537 728546 3
138380 138397 3
43369 43418 3
385297 385391 3
801279 801311 3
880593 880626 3
364269 364270 3
345372 345445 3
622581 622696 3
666536 666601 3
113524 113540 3
69043 69083 3
326503 326636 3
595015 595019 3
283787 283792 3
134464 134595 3
86000 86010 3
106995 107034 3
430654 430725 3
363522 363555 3
535743 535744 3
218084 218084 3
746099 746178 3
533316 533418 3
124628 124629 3
159807 159830 3
321934 321959 3
540088 540114 3
118973 119017 3
803148 803267 3
807759 807774 3
144143 144256 3
695744 695871 3
945253 945300 3
468865 468896 3
984505 984560 3
503386 503498 3
150348 150349 3
103785 103789 3
219821 219871 3
219901 220007 3
48020 48074 3
36752 36779 3
890842 890900 3
364978 365022 3
299134 299136 3
817613 817693 3
927900 928000 3
414441 414600 3
556500 556509 3
937609 937650 3
901692 901700 3
116889 116930 3
148357 148416 3
732512 732529 3
464212 464411 3
960378 960434 3
840928 840953 3
871630 871693 3
730570 730592 3
208048 208071 3
628197 628208 3
932957 932957 3
243510 243660 3
40544 40558 3
864244 864322 3
595053 595054 3
310983 310995 3
372137 372223 3
881420 881440 3
422406 422521 3
646729 646842 3
731404 731423 3
949979 950056 3
939774 939830 3
49037 49054 3
714910 714975 3
818909 818930 3
549918 550072 3
280503 280658 3
190804 190851 3
597024 597126 3
451189 451302 3
135572 135585 3
184458 184619 3
848504 848710 3
349788 349888 3
840977 840992 3
982385 982388 3
84318 84326 3
625987 626160 3
630104 630108 3
491971 491972 3
775843 775879 3
357086 357186 3
256104 256138 3
391855 391985 3
338052 338236 3
551490 551499 3
980696 980797 3
963601 963715 3
628240 628286 3
20491 20507 3
396756 396767 3
133522 133559 3
896610 896642 3
702220 702247 3
294407 294432 3
512939 513056 3
726133 726284 3
268632 268798 3
324047 324117 3
822816 822822 3
663643 663674 3
871706 871809 3
561010 561188 3
687203 687394 3
584955 585115 3
351874 351902 3
232501 232579 3
278838 278988 3
110930 110991 3
376243 376253 3
320758 320800 3
105380 105418 3
226742 226745 3
252810 252823 3
277732 277945 3
347708 347731 3
146889 146900 3
126940 126940 3
99112 99112 3
676778 676864 3
85179 85251 3
757404 757411 3
754798 754902 3
652858 653028 3
401137 401155 3
138423 138423 3
36823 36948 3
450226 450276 3
393290 393368 3
415819 415833 3
575017 575120 3
256144 256320 3
499167 499179 3
101389 101419 3
634949 635087 3
487193 487244 3
196650 196690 3
847520 847614 3
454011 454021 3
457807 457855 3
662188 662220 3
55691 55821 3
931873 931960 3
776666 776743 3
426820 426820 3
923300 923345 3
726710 726715 3
102318 102517 3
414621 414765 3
334088 334099 3
713307 713422 3
916263 916318 3
485312 485463 3
264423 264478 3
947494 947504 3
228356 228398 3
476682 476743 3
853075 853106 3
74143 74206 3
389330 389385 3
193750 193834 3
908211 908242 3
662172 662176 3
705800 705814 3
555145 555182 3
670035 670201 3
669676 669727 3
116967 117049 3
887599 887602 3
508298 508343 3
157695 157724 3
517529 517554 3
466920 467014 3
978675 978747 3
143751 143755 3
976710 976751 3
693593 693710 3
253280 253421 3
917341 917388 3
439271 439302 3
30051 30116 3
475002 475028 3
124459 124513 3
872440 872465 3
441721 441759 3
405423 405465 3
713273 713279 3
860867 860908 3
443973 444070 3
767053 767073 3
58104 58178 3
683922 683924 3
893134 893188 3
170395 170439 3
302756 302818 3
510110 510342 3
482716 482750 3
115637 115711 3
946449 946483 3
373839 373976 3
928932 928935 3
477991 478045 3
660016 660036 3
719161 719186 3
853067 853073 3
664601 664705 3
198476 198580 3
703885 703921 3
674316 674403 3
820014 820018 3
151431 151470 3
133595 133610 3
767925 767941 3
132185 132187 3
715585 715586 3
855019 855093 3
322647 322841 3
39117 39197 3
34642 34712 3
942772 942831 3
121238 121314 3
89934 89949 3
742615 742668 3
863670 863708 3
240707 240734 3
491215 491225 3
428488 428686 3
201934 201987 3
794848 794994 3
859732 859761 3
392848 392848 3
834389 834476 3
215568 215670 3
746055 746085 3
700561 700599 3
26457 26508 3
145452 145551 3
608431 608442 3
952125 952215 3
310980 310980 3
897090 897307 3
15961 16168 3
48960 48981 3
603911 603916 3
309817 309867 3
369990 370092 3
728547 728561 3
780325 780394 3
77611 77710 3
787827 787843 3
810695 810770 3
209355 209363 3
411550 411563 3
587460 587475 3
246151 246178 3
525655 525729 3
990953 991038 3
177770 177770 3
600168 600368 3
344691 344691 3
353531 353534 3
264021 264042 3
725996 726086 3
447002 447017 3
581069 581169 3
394472 394494 3
733910 734017 3
171680 171730 3
837515 837560 3
436985 437022 3
270960 271037 3
402033 402139 3
125814 125819 3
682228 682234 3
96816 96866 3
941294 941324 3
455254 455333 3
91344 91483 3
52413 52435 3
245477 245580 3
883182 883254 3
68254 68318 3
325714 325720 3
410552 410593 3
794283 794298 3
484815 484916 3
120152 120280 3
949936 949954 3
748574 748607 3
698945 699017 3
339829 339970 3
149264 149271 3
827270 827313 3
483164 483168 3
129589 129597 3
744741 744796 3
913835 913856 3
995832 995942 3
178416 178591 3
301748 301861 3
709838 709951 3
254361 254481 3
839265 839286 3
639306 639381 3
650421 650571 3
431829 431829 3
718017 718063 3
709706 709710 3
706396 706403 3
42568 42750 3
218085 218085 3
46732 46870 3
156548 156610 3
779490 779531 3
562122 562177 3
346385 346422 3
814857 814863 3
850596 850614 3
348649 348685 3
972305 972356 3
809918 809918 3
581894 581907 3
599986 600061 3
559919 560031 3
86677 86859 3
846419 846438 3
812095 812159 3
700697 700803 3
601908 601915 3
867573 867735 3
964573 964591 3
112087 112289 3
735250 735303 3
378360 378460 3
341546 341697 3
246839 246985 3
318604 318632 3
491321 491473 3
334083 334085 3
18735 18851 3
439183 439204 3
507383 507431 3
644538 644583 3
797954 797971 3
919622 919733 3
514078 514163 3
325795 325845 3
74973 74985 3
319553 319615 3
12287 12317 3
28683 28705 3
973336 973413 3
542400 542422 3
684701 684791 3
446990 447000 3
380320 380343 3
462331 462415 3
297682 297763 3
187758 187814 3
368697 368698 3
309653 309733 3
356796 356816 3
